scripts/analysis/wing_calibration/calcurves/calcurve_f212n.ecsv
# %ECSV 1.0
# ---
# datatype:
# - {name: N_masked_px, datatype: int64}
# - {name: r_mask_equiv, datatype: float64}
# - {name: r_mask_max, datatype: float64}
# - {name: bias_model_to_data, datatype: float64}
# - {name: bias_circmask, datatype: float64}
# - {name: amp_raw, datatype: float64}
# - {name: control_self_data, datatype: float64}
# - {name: control_self_model, datatype: float64}
# - {name: null_machinery, datatype: float64}
# - {name: filter, datatype: string}
# meta: !!omap
# - {filter: F212N}
# - {field_det: brick nrca1}
# - {n_stars: 250}
# - {source_stack: /blue/adamginsburg/adamginsburg/tmp/claude-3663/-blue-adamginsburg-adamginsburg-repos-jwst-gc-pipeline/d046d21c-902e-4ed6-b230-4b20ac93f54c/scratchpad/agent_stack2d/stack2d_f212n_nrca1.npz}
# - {fit_region_radius_px: 50.0}
# - {amp_unmasked: 0.987019297657924}
# - {bias_def: 'LSQ amplitude of STPSF-model stack fit to empirical stack with inner N brightest px masked, divided by the unmasked amplitude.
#     >1 = flux overestimated.'}
# - {r_mask_equiv_def: 'sqrt(N_masked/pi) [px]'}
# - {r_mask_max_def: 'largest radius among masked px [px]'}
# - {bias_circmask_def: same fit but masking the circle r < r_mask_equiv instead of the N brightest px (star-fit-experiment geometry)}
# - {controls: 'control_self_* = same-mask self-fit (==1 validates machinery); null_machinery = model+ERR-noise stack pushed through identical
#     stacking, fit vs model, normalized to its unmasked amp (brick only)'}
# schema: astropy-2.0
N_masked_px r_mask_equiv r_mask_max bias_model_to_data bias_circmask amp_raw control_self_data control_self_model null_machinery filter
0 0.0 0.0 1.0 1.0 0.987019297657924 1.0 1.0 1.0 F212N
5 1.2615662610100802 1.0 1.0213048365862822 1.0213048365862822 1.0080475825020332 1.0 1.0 1.0053181439128454 F212N
6 1.381976597885342 1.4142135623730951 1.021161101733713 1.0213048365862822 1.0079057134288012 1.0 1.0 1.0074357150987028 F212N
8 1.5957691216057308 1.4142135623730951 1.0328278483305389 1.0528763759685864 1.0194210174607532 1.0 1.0 1.0101843229728589 F212N
11 1.8712051592547776 2.0 1.0456063484384996 1.0528763759685864 1.0320336436624344 1.0 1.0 1.008890899296657 F212N
14 2.111004122822376 2.23606797749979 1.055026686325901 1.057387415123263 1.0413316989477577 1.0 1.0 1.009597434257856 F212N
18 2.393653682408596 2.23606797749979 1.0372186994696795 1.0292901605942335 1.0237548722682284 1.0 1.0 1.011213502313713 F212N
24 2.763953195770684 4.123105625617661 1.0086422871037282 1.0292901605942335 0.9955494018052038 1.0 1.0 1.0071981366969915 F212N
28 2.985410660720923 4.47213595499958 0.9967597688225456 1.0196494342599791 0.9838211269569036 1.0 1.0 1.0087937809252472 F212N
31 3.141274657157109 4.47213595499958 0.9738523898778184 1.010324367674431 0.961211101879695 1.0 1.0 1.0085986554190707 F212N
40 3.5682482323055424 4.47213595499958 0.9339816780302436 0.9948610412793556 0.9218579398747803 1.0 1.0 1.0082322763213076 F212N
50 3.989422804014327 4.47213595499958 0.9163767180692871 0.9926372992421012 0.9044815046588212 1.0 1.0 1.0067988101569065 F212N
52 4.068428945128219 4.47213595499958 0.9045442384731461 0.996792087732365 0.8928026189582864 1.0 1.0 1.0024893634942105 F212N
68 4.652426491681278 5.0 0.9463484127286479 1.0165668699301598 0.9340641456711212 1.0 1.0 1.0035236020376408 F212N
88 5.292567428401227 6.082762530298219 0.9150918396771028 0.984680112339767 0.9032133048905916 1.0 1.0 0.996500374820122 F212N
113 5.997417539138688 9.219544457292887 0.8631812251458153 0.9421393421863572 0.851976526594929 1.0 1.0 0.988880704510381 F212N
114 6.023896332520351 10.816653826391969 0.8591943368774888 0.9318922335083003 0.8480413909364847 1.0 1.0 0.9887265064381585 F212N
148 6.863662517577698 11.661903789690601 0.7803321047103319 0.9048954237716592 0.7702028459311213 1.0 1.0 0.9791357007954697 F212N
192 7.817640190446719 11.661903789690601 0.6948030367688062 0.8925310083998053 0.6857840053621398 1.0 1.0 0.9890685216562407 F212N
201 7.998767850296815 14.0 0.6772368279120232 0.8925310083998053 0.6684458182338054 1.0 1.0 0.997911779202941 F212N
249 8.902761462589227 20.591260281974 0.5909143765117572 0.8614812369970615 0.5832438928806046 1.0 1.0 1.0106828805138972 F212N
323 10.139728459745083 49.8196748283246 0.5051767280695593 0.7435343599321912 0.4986191793323444 1.0 1.0 0.9874700354145781 F212N
419 11.54867275105708 49.8196748283246 0.42449595327824696 0.647512519513432 0.4189856976633262 1.0 1.0 0.9900478024524215 F212N
452 11.994835078277376 49.8196748283246 0.41126843293151927 0.6094255891704782 0.40592987982094314 1.0 1.0 0.985441342587803 F212N
544 13.159049284959082 49.92995093127971 0.3729084361473996 0.5939547408603603 0.3680678227369211 1.0 1.0 0.9755595756192253 F212N
706 14.99088988838742 49.92995093127971 0.3005943957985377 0.5785486536078397 0.2966924694209807 1.0 1.0 0.9657223305955602 F212N
915 17.06615205188822 50.0 0.2397069903378521 0.6111808267749071 0.23659542524696153 1.0 1.0 0.9746292383645755 F212N
1188 19.44613444328572 50.0 0.1542500734238489 0.6596269653880094 0.15224779913449052 1.0 1.0 0.9748253337835531 F212N
1541 22.147585299739145 50.0 0.04427498862751652 0.6554197556559428 0.04370026817894392 1.0 1.0 0.9725398910271039 F212N
2000 25.2313252202016 50.0 -0.09719038802005261 0.9598350107518782 -0.09592878852265344 1.0 1.0 0.9570117962960586 F212N
