scripts/analysis/wing_calibration/calcurves/calcurves_all.ecsv
# %ECSV 1.0
# ---
# datatype:
# - {name: N_masked_px, datatype: int64}
# - {name: r_mask_equiv, datatype: float64}
# - {name: r_mask_max, datatype: float64}
# - {name: bias_model_to_data, datatype: float64}
# - {name: bias_circmask, datatype: float64}
# - {name: amp_raw, datatype: float64}
# - {name: control_self_data, datatype: float64}
# - {name: control_self_model, datatype: float64}
# - {name: null_machinery, datatype: float64}
# - {name: filter, datatype: string}
# meta: !!omap
# - {note: see per-filter calcurve_<filt>.ecsv for provenance}
# - {bias_def: 'LSQ amplitude of STPSF-model stack fit to empirical stack with inner N brightest px masked, divided by the unmasked amplitude.
#     >1 = flux overestimated.'}
# schema: astropy-2.0
N_masked_px r_mask_equiv r_mask_max bias_model_to_data bias_circmask amp_raw control_self_data control_self_model null_machinery filter
0 0.0 0.0 1.0 1.0 0.9866906502536493 1.0 1.0 nan F090W
5 1.2615662610100802 1.0 0.8608434622102136 0.8608434622102136 0.8493861954947984 1.0 1.0 nan F090W
6 1.381976597885342 1.4142135623730951 0.8915351298573178 0.8608434622102136 0.8796693770028885 1.0 1.0 nan F090W
8 1.5957691216057308 1.4142135623730951 0.9873763345742832 0.8347873072633454 0.9742349976061643 1.0 1.0 nan F090W
11 1.8712051592547776 2.23606797749979 0.8447961012054533 0.8347873072633454 0.8335524144301565 1.0 1.0 nan F090W
14 2.111004122822376 2.23606797749979 0.77815338400483 0.7784217899617911 0.7677966684608034 1.0 1.0 nan F090W
18 2.393653682408596 2.23606797749979 0.756902906895535 0.7682568052374645 0.7468290213836328 1.0 1.0 nan F090W
24 2.763953195770684 3.1622776601683795 0.7389884056301727 0.7682568052374645 0.7291529504811426 1.0 1.0 nan F090W
28 2.985410660720923 4.123105625617661 0.7801545620328991 0.8057946150272934 0.7697712121105922 1.0 1.0 nan F090W
31 3.141274657157109 4.123105625617661 0.7691381558190382 0.8120940638303948 0.7589014270999794 1.0 1.0 nan F090W
40 3.5682482323055424 4.123105625617661 0.8315184027752314 0.8757035051332018 0.8204514335321689 1.0 1.0 nan F090W
50 3.989422804014327 4.47213595499958 0.8537516006461617 0.8869283077529261 0.8423887219966553 1.0 1.0 nan F090W
52 4.068428945128219 4.47213595499958 0.8486000783024199 0.8953436370277981 0.8373057630655124 1.0 1.0 nan F090W
68 4.652426491681278 5.0 0.8534779965578679 0.8801518593152274 0.8421187594008646 1.0 1.0 nan F090W
88 5.292567428401227 9.433981132056603 0.8375222139459909 0.8677529200998675 0.8263753378802458 1.0 1.0 nan F090W
113 5.997417539138688 9.433981132056603 0.8096750491410333 0.8474535610397689 0.7988988007311216 1.0 1.0 nan F090W
114 6.023896332520351 9.433981132056603 0.8071130129975019 0.8477111800519733 0.7963708636226873 1.0 1.0 nan F090W
148 6.863662517577698 10.295630140987 0.7616401535461591 0.8193595722399809 0.751503218361749 1.0 1.0 nan F090W
192 7.817640190446719 10.295630140987 0.6931074778500174 0.7841221202315919 0.6838826680155005 1.0 1.0 nan F090W
201 7.998767850296815 10.295630140987 0.6763067567327632 0.7841221202315919 0.6673055535715867 1.0 1.0 nan F090W
249 8.902761462589227 11.180339887498949 0.5891316571238154 0.7041340036687466 0.5812906978525074 1.0 1.0 nan F090W
323 10.139728459745083 13.0 0.44789252375677296 0.4976200811202741 0.4419313655093184 1.0 1.0 nan F090W
419 11.54867275105708 19.72308292331602 0.32746704579559716 0.3637429917921029 0.3231086723526993 1.0 1.0 nan F090W
452 11.994835078277376 19.72308292331602 0.2973216662494054 0.34154720002786254 0.29336450820612436 1.0 1.0 nan F090W
544 13.159049284959082 20.591260281974 0.23199354111713313 0.25920523119832367 0.22890585793951082 1.0 1.0 nan F090W
706 14.99088988838742 21.470910553583888 0.15817124738419788 0.20081803513490581 0.15606609093294505 1.0 1.0 nan F090W
915 17.06615205188822 28.653097563788805 0.11044866563646359 0.14414490629208362 0.10897866571649016 1.0 1.0 nan F090W
1188 19.44613444328572 30.01666203960727 0.08004491067211707 0.09839456678997477 0.07897956496056646 1.0 1.0 nan F090W
1541 22.147585299739145 35.84689665786984 0.058185749729709926 0.06967759667917776 0.05741133523630359 1.0 1.0 nan F090W
2000 25.2313252202016 40.24922359499622 0.04354601514765798 0.05246178612755726 0.042966446001997914 1.0 1.0 nan F090W
0 0.0 0.0 1.0 1.0 1.0898173731274319 1.0 1.0 nan F150W
5 1.2615662610100802 1.0 0.932122521355577 0.932122521355577 1.0158433176566535 1.0 1.0 nan F150W
6 1.381976597885342 1.4142135623730951 0.8775503671384616 0.932122521355577 0.9563696359018516 1.0 1.0 nan F150W
8 1.5957691216057308 1.4142135623730951 0.8097819678802771 0.9031336606457092 0.882514457041246 1.0 1.0 nan F150W
11 1.8712051592547776 2.0 0.8631579838229013 0.9031336606457092 0.9406845665238447 1.0 1.0 nan F150W
14 2.111004122822376 2.23606797749979 0.8979644794568583 0.9064327641018046 0.978617290163415 1.0 1.0 nan F150W
18 2.393653682408596 2.23606797749979 0.8500474222294524 0.862655020528462 0.9263964487278468 1.0 1.0 nan F150W
24 2.763953195770684 3.1622776601683795 0.8359136688497065 0.862655020528462 0.9109932387471011 1.0 1.0 nan F150W
28 2.985410660720923 3.1622776601683795 0.8524043832449668 0.8574750030656438 0.9289651057903384 1.0 1.0 nan F150W
31 3.141274657157109 3.1622776601683795 0.7900833043805799 0.8100735489731473 0.8610465113318848 1.0 1.0 nan F150W
40 3.5682482323055424 3.605551275463989 0.695856048356935 0.7067418995936814 0.7583560106951901 1.0 1.0 nan F150W
50 3.989422804014327 6.082762530298219 0.6546670618604824 0.6798350282249774 0.7134675376298448 1.0 1.0 nan F150W
52 4.068428945128219 6.082762530298219 0.6534922746684172 0.6753812417802859 0.7121872341382046 1.0 1.0 nan F150W
68 4.652426491681278 8.06225774829855 0.6998170692090372 0.718868240099635 0.762672800035131 1.0 1.0 nan F150W
88 5.292567428401227 8.06225774829855 0.6522718388038198 0.7543176803259759 0.7108571819301785 1.0 1.0 nan F150W
113 5.997417539138688 8.06225774829855 0.6145376620030322 0.7640052473555334 0.6697338204920181 1.0 1.0 nan F150W
114 6.023896332520351 8.06225774829855 0.6112180220916541 0.7649510328542454 0.666116019244071 1.0 1.0 nan F150W
148 6.863662517577698 9.0 0.5505421367393093 0.7229097761682741 0.5999903852571975 1.0 1.0 nan F150W
192 7.817640190446719 15.264337522473747 0.525174880705053 0.6557574174437687 0.5723447089224933 1.0 1.0 nan F150W
201 7.998767850296815 15.264337522473747 0.5106650980490677 0.6557574174437687 0.5565316957036973 1.0 1.0 nan F150W
249 8.902761462589227 16.1245154965971 0.48064303047958473 0.5942165599906686 0.5238131248892692 1.0 1.0 nan F150W
323 10.139728459745083 17.0 0.4332865738707847 0.5311516387387002 0.4722032357472435 1.0 1.0 nan F150W
419 11.54867275105708 18.35755975068582 0.36558152929844323 0.46177350046846033 0.3984171019239387 1.0 1.0 nan F150W
452 11.994835078277376 18.35755975068582 0.3450359404536681 0.4539075629893301 0.37602616225976954 1.0 1.0 nan F150W
544 13.159049284959082 19.235384061671343 0.29063949698373454 0.3753028035076546 0.3167439731298917 1.0 1.0 nan F150W
706 14.99088988838742 31.38470965295043 0.21561379030435113 0.284793829957159 0.23497965455953687 1.0 1.0 nan F150W
915 17.06615205188822 32.2490309931942 0.16089541035113003 0.19516072877840587 0.17534661345712874 1.0 1.0 nan F150W
1188 19.44613444328572 33.61547262794322 0.12116567793755569 0.1461046433783492 0.13204846084311136 1.0 1.0 nan F150W
1541 22.147585299739145 47.50789408087881 0.09120056378995939 0.11260427970975731 0.09939195885731432 1.0 1.0 nan F150W
2000 25.2313252202016 49.24428900898052 0.06880062574706666 0.09211131990928548 0.07498011722119174 1.0 1.0 nan F150W
0 0.0 0.0 1.0 1.0 0.9896018843345625 1.0 1.0 1.0 F182M
5 1.2615662610100802 1.0 1.0334114678574329 1.0334114678574329 1.0226659358846617 1.0 1.0 0.9989084406924387 F182M
6 1.381976597885342 1.4142135623730951 1.037009173262143 1.0334114678574329 1.0262262319324436 1.0 1.0 0.9990528719260215 F182M
8 1.5957691216057308 1.4142135623730951 1.0462035092158588 1.0789439959532618 1.0353249641174458 1.0 1.0 0.9980745257590496 F182M
11 1.8712051592547776 2.0 1.0708912000502457 1.0789439959532618 1.0597559494870241 1.0 1.0 0.998083927330676 F182M
14 2.111004122822376 2.23606797749979 1.0776748259041677 1.080316809269609 1.066469038414686 1.0 1.0 0.9971771222874108 F182M
18 2.393653682408596 2.23606797749979 1.0630094555840848 1.0529793325957646 1.0519561603114678 1.0 1.0 0.9998402007051049 F182M
24 2.763953195770684 3.605551275463989 1.0136754651510473 1.0529793325957646 1.0031351504171906 1.0 1.0 1.0001730942002967 F182M
28 2.985410660720923 3.605551275463989 0.9944756344090143 1.0495287208400035 0.98413496173597 1.0 1.0 1.0018230406453221 F182M
31 3.141274657157109 3.605551275463989 0.9933563017553413 1.0517724197618838 0.983027268032698 1.0 1.0 1.0015835851855832 F182M
40 3.5682482323055424 4.123105625617661 0.9934231891028803 1.0700097103509785 0.9830934598778608 1.0 1.0 1.0048579282303578 F182M
50 3.989422804014327 4.47213595499958 0.9745360294993956 1.1109457022945823 0.9644026911445247 1.0 1.0 1.003809089048801 F182M
52 4.068428945128219 4.47213595499958 0.9782462897031727 1.1235323149607106 0.9680743716335541 1.0 1.0 1.0047705034320313 F182M
68 4.652426491681278 5.0990195135927845 1.141431467121225 1.155351831786124 1.1295627307019285 1.0 1.0 1.0034933961204784 F182M
88 5.292567428401227 8.246211251235321 1.0589528840960432 1.138900495406793 1.0479417695229638 1.0 1.0 1.002902364456577 F182M
113 5.997417539138688 9.433981132056603 1.0284200785884 1.1307635537307883 1.0177264476585794 1.0 1.0 1.0031742572521953 F182M
114 6.023896332520351 9.433981132056603 1.0306284354871877 1.127012217441678 1.019911841806903 1.0 1.0 1.0035993436670727 F182M
148 6.863662517577698 10.295630140987 1.0255305095587457 1.1173764458048057 1.0148669247019189 1.0 1.0 1.005161984587259 F182M
192 7.817640190446719 10.295630140987 0.9817482642088803 1.1324043223259366 0.9715399322032939 1.0 1.0 1.0031736275835945 F182M
201 7.998767850296815 12.0 0.9864994279912777 1.1324043223259366 0.9762416928351364 1.0 1.0 1.0025428010108686 F182M
249 8.902761462589227 18.35755975068582 0.9723531247014856 1.073454958209412 0.96224248444319 1.0 1.0 1.0006672035482813 F182M
323 10.139728459745083 18.867962264113206 0.9645818721702346 1.0040655299366716 0.9545520382946243 1.0 1.0 0.9960727241297719 F182M
419 11.54867275105708 22.825424421026653 0.9793512482140064 0.9953206638727476 0.9691678406579867 1.0 1.0 0.9916520542441914 F182M
452 11.994835078277376 22.825424421026653 0.9819263974823363 0.9997494142176382 0.9717162132263687 1.0 1.0 0.9932613310916033 F182M
544 13.159049284959082 35.84689665786984 0.9788052578640338 1.040285707742718 0.9686275275788253 1.0 1.0 0.9981601614269259 F182M
706 14.99088988838742 47.92702786528704 0.9837189990498922 1.0833341093037185 0.9734901751154831 1.0 1.0 0.9984152513970648 F182M
915 17.06615205188822 49.73932046178355 0.974561164392452 1.1192233051808747 0.9644275646820558 1.0 1.0 1.001787142839566 F182M
1188 19.44613444328572 49.8196748283246 0.945877494496134 1.1645221276060072 0.936042150903029 1.0 1.0 1.0014794144290093 F182M
1541 22.147585299739145 50.0 0.9164247687034961 1.3606647522688058 0.9068956779598454 1.0 1.0 0.9993440977958576 F182M
2000 25.2313252202016 50.0 0.8540199159633393 1.6317735377713878 0.8451397180965653 1.0 1.0 0.9992226072618643 F182M
0 0.0 0.0 1.0 1.0 0.9883540928774853 1.0 1.0 1.0 F187N
5 1.2615662610100802 1.0 1.0299740131638422 1.0299740131638422 1.0179790314679324 1.0 1.0 1.0018867023718419 F187N
6 1.381976597885342 1.4142135623730951 1.0419591492568934 1.0299740131638422 1.0298245897791931 1.0 1.0 1.0015930582821169 F187N
8 1.5957691216057308 1.4142135623730951 1.0293792597275468 1.0612742042617151 1.017391204474917 1.0 1.0 1.0052268228814503 F187N
11 1.8712051592547776 2.0 1.0525625712377933 1.0612742042617151 1.0403045252925227 1.0 1.0 1.0049868498952328 F187N
14 2.111004122822376 2.23606797749979 1.0613141741002212 1.0635705761450192 1.0489542078008416 1.0 1.0 1.0064679488960566 F187N
18 2.393653682408596 2.23606797749979 1.0374821120570443 1.0184131970415817 1.0253996917387576 1.0 1.0 1.0030766848533323 F187N
24 2.763953195770684 3.605551275463989 0.9780978635286044 1.0184131970415817 0.9667070266532203 1.0 1.0 1.0012709859943825 F187N
28 2.985410660720923 3.605551275463989 0.9584415480569307 1.0083589487521363 0.9472796268059005 1.0 1.0 0.9986177504200601 F187N
31 3.141274657157109 3.605551275463989 0.9534524107460005 1.0047555492119924 0.9423485925247149 1.0 1.0 0.9979819272586924 F187N
40 3.5682482323055424 4.123105625617661 0.9390748335121081 1.0103368106900847 0.9281384552199351 1.0 1.0 0.9965111267506934 F187N
50 3.989422804014327 4.47213595499958 0.8910469619679073 1.025628137603182 0.8806699118070302 1.0 1.0 0.9902138501676029 F187N
52 4.068428945128219 4.47213595499958 0.9047522261605244 1.0354598706602522 0.8942155657657705 1.0 1.0 0.992029709984331 F187N
68 4.652426491681278 5.0990195135927845 1.0079867941716454 1.0252559266761865 0.996247873586001 1.0 1.0 0.9982070593058389 F187N
88 5.292567428401227 8.246211251235321 0.9091904179579006 1.0002630917048911 0.8986020707936826 1.0 1.0 1.0035149437794677 F187N
113 5.997417539138688 9.433981132056603 0.860118837959622 0.9916847952068558 0.8501019738584189 1.0 1.0 0.9949508797525526 F187N
114 6.023896332520351 9.433981132056603 0.8568807153863766 0.9870402626791924 0.8469015621599129 1.0 1.0 0.9967249497628884 F187N
148 6.863662517577698 10.295630140987 0.8175021202742562 0.973991860275698 0.8079815665090834 1.0 1.0 0.9956098450354631 F187N
192 7.817640190446719 17.4928556845359 0.7322367165481009 0.958567418334445 0.7237091557554866 1.0 1.0 0.9997138825882617 F187N
201 7.998767850296815 17.4928556845359 0.708482134849223 0.958567418334445 0.700231217708808 1.0 1.0 0.9975168382546546 F187N
249 8.902761462589227 49.03060268852505 0.6356281050179268 0.8269591314584602 0.628225639142428 1.0 1.0 0.9902724681369942 F187N
323 10.139728459745083 49.040799340956916 0.5535020998072919 0.7091393110624007 0.5470560657608193 1.0 1.0 0.9819940189183187 F187N
419 11.54867275105708 49.9799959983992 0.4892007450538266 0.6885016816641862 0.48350355861266475 1.0 1.0 0.9878714181451915 F187N
452 11.994835078277376 49.9799959983992 0.4706066022777206 0.6912676300711945 0.46512596149635205 1.0 1.0 0.9867802076772498 F187N
544 13.159049284959082 49.9799959983992 0.43015896959059374 0.6881052022859953 0.42514937818282506 1.0 1.0 0.9777669197955211 F187N
706 14.99088988838742 49.9799959983992 0.35316948907844903 0.6962413021394371 0.34905651001013543 1.0 1.0 0.9931270363437404 F187N
915 17.06615205188822 50.0 0.2750707393605632 0.6690350019604623 0.2718672910778486 1.0 1.0 0.9945303938042767 F187N
1188 19.44613444328572 50.0 0.1861451695218183 0.5807788826485056 0.18397734016626247 1.0 1.0 0.9889070280335122 F187N
1541 22.147585299739145 50.0 0.048839568114189436 0.736137082653351 0.04827078704002786 1.0 1.0 1.0066460897436686 F187N
2000 25.2313252202016 50.0 -0.10351435187208718 1.047087431040038 -0.10230883334433756 1.0 1.0 0.991197646538022 F187N
0 0.0 0.0 1.0 1.0 0.987019297657924 1.0 1.0 1.0 F212N
5 1.2615662610100802 1.0 1.0213048365862822 1.0213048365862822 1.0080475825020332 1.0 1.0 1.0053181439128454 F212N
6 1.381976597885342 1.4142135623730951 1.021161101733713 1.0213048365862822 1.0079057134288012 1.0 1.0 1.0074357150987028 F212N
8 1.5957691216057308 1.4142135623730951 1.0328278483305389 1.0528763759685864 1.0194210174607532 1.0 1.0 1.0101843229728589 F212N
11 1.8712051592547776 2.0 1.0456063484384996 1.0528763759685864 1.0320336436624344 1.0 1.0 1.008890899296657 F212N
14 2.111004122822376 2.23606797749979 1.055026686325901 1.057387415123263 1.0413316989477577 1.0 1.0 1.009597434257856 F212N
18 2.393653682408596 2.23606797749979 1.0372186994696795 1.0292901605942335 1.0237548722682284 1.0 1.0 1.011213502313713 F212N
24 2.763953195770684 4.123105625617661 1.0086422871037282 1.0292901605942335 0.9955494018052038 1.0 1.0 1.0071981366969915 F212N
28 2.985410660720923 4.47213595499958 0.9967597688225456 1.0196494342599791 0.9838211269569036 1.0 1.0 1.0087937809252472 F212N
31 3.141274657157109 4.47213595499958 0.9738523898778184 1.010324367674431 0.961211101879695 1.0 1.0 1.0085986554190707 F212N
40 3.5682482323055424 4.47213595499958 0.9339816780302436 0.9948610412793556 0.9218579398747803 1.0 1.0 1.0082322763213076 F212N
50 3.989422804014327 4.47213595499958 0.9163767180692871 0.9926372992421012 0.9044815046588212 1.0 1.0 1.0067988101569065 F212N
52 4.068428945128219 4.47213595499958 0.9045442384731461 0.996792087732365 0.8928026189582864 1.0 1.0 1.0024893634942105 F212N
68 4.652426491681278 5.0 0.9463484127286479 1.0165668699301598 0.9340641456711212 1.0 1.0 1.0035236020376408 F212N
88 5.292567428401227 6.082762530298219 0.9150918396771028 0.984680112339767 0.9032133048905916 1.0 1.0 0.996500374820122 F212N
