scripts/analysis/wing_calibration/calcurves/calcurve_f090w.ecsv
# %ECSV 1.0
# ---
# datatype:
# - {name: N_masked_px, datatype: int64}
# - {name: r_mask_equiv, datatype: float64}
# - {name: r_mask_max, datatype: float64}
# - {name: bias_model_to_data, datatype: float64}
# - {name: bias_circmask, datatype: float64}
# - {name: amp_raw, datatype: float64}
# - {name: control_self_data, datatype: float64}
# - {name: control_self_model, datatype: float64}
# - {name: null_machinery, datatype: float64}
# - {name: filter, datatype: string}
# meta: !!omap
# - {filter: F090W}
# - {field_det: M92 nrca1}
# - {n_stars: 1041}
# - {source_stack: /blue/adamginsburg/adamginsburg/tmp/claude-3663/-blue-adamginsburg-adamginsburg-repos-jwst-gc-pipeline/d046d21c-902e-4ed6-b230-4b20ac93f54c/scratchpad/agent_globular/wingratio_m92_nrca1_f090w.npz}
# - {fit_region_radius_px: 50.0}
# - {amp_unmasked: 0.9866906502536493}
# - {bias_def: 'LSQ amplitude of STPSF-model stack fit to empirical stack with inner N brightest px masked, divided by the unmasked amplitude.
#     >1 = flux overestimated.'}
# - {r_mask_equiv_def: 'sqrt(N_masked/pi) [px]'}
# - {r_mask_max_def: 'largest radius among masked px [px]'}
# - {bias_circmask_def: same fit but masking the circle r < r_mask_equiv instead of the N brightest px (star-fit-experiment geometry)}
# - {controls: 'control_self_* = same-mask self-fit (==1 validates machinery); null_machinery = model+ERR-noise stack pushed through identical
#     stacking, fit vs model, normalized to its unmasked amp (brick only)'}
# schema: astropy-2.0
N_masked_px r_mask_equiv r_mask_max bias_model_to_data bias_circmask amp_raw control_self_data control_self_model null_machinery filter
0 0.0 0.0 1.0 1.0 0.9866906502536493 1.0 1.0 nan F090W
5 1.2615662610100802 1.0 0.8608434622102136 0.8608434622102136 0.8493861954947984 1.0 1.0 nan F090W
6 1.381976597885342 1.4142135623730951 0.8915351298573178 0.8608434622102136 0.8796693770028885 1.0 1.0 nan F090W
8 1.5957691216057308 1.4142135623730951 0.9873763345742832 0.8347873072633454 0.9742349976061643 1.0 1.0 nan F090W
11 1.8712051592547776 2.23606797749979 0.8447961012054533 0.8347873072633454 0.8335524144301565 1.0 1.0 nan F090W
14 2.111004122822376 2.23606797749979 0.77815338400483 0.7784217899617911 0.7677966684608034 1.0 1.0 nan F090W
18 2.393653682408596 2.23606797749979 0.756902906895535 0.7682568052374645 0.7468290213836328 1.0 1.0 nan F090W
24 2.763953195770684 3.1622776601683795 0.7389884056301727 0.7682568052374645 0.7291529504811426 1.0 1.0 nan F090W
28 2.985410660720923 4.123105625617661 0.7801545620328991 0.8057946150272934 0.7697712121105922 1.0 1.0 nan F090W
31 3.141274657157109 4.123105625617661 0.7691381558190382 0.8120940638303948 0.7589014270999794 1.0 1.0 nan F090W
40 3.5682482323055424 4.123105625617661 0.8315184027752314 0.8757035051332018 0.8204514335321689 1.0 1.0 nan F090W
50 3.989422804014327 4.47213595499958 0.8537516006461617 0.8869283077529261 0.8423887219966553 1.0 1.0 nan F090W
52 4.068428945128219 4.47213595499958 0.8486000783024199 0.8953436370277981 0.8373057630655124 1.0 1.0 nan F090W
68 4.652426491681278 5.0 0.8534779965578679 0.8801518593152274 0.8421187594008646 1.0 1.0 nan F090W
88 5.292567428401227 9.433981132056603 0.8375222139459909 0.8677529200998675 0.8263753378802458 1.0 1.0 nan F090W
113 5.997417539138688 9.433981132056603 0.8096750491410333 0.8474535610397689 0.7988988007311216 1.0 1.0 nan F090W
114 6.023896332520351 9.433981132056603 0.8071130129975019 0.8477111800519733 0.7963708636226873 1.0 1.0 nan F090W
148 6.863662517577698 10.295630140987 0.7616401535461591 0.8193595722399809 0.751503218361749 1.0 1.0 nan F090W
192 7.817640190446719 10.295630140987 0.6931074778500174 0.7841221202315919 0.6838826680155005 1.0 1.0 nan F090W
201 7.998767850296815 10.295630140987 0.6763067567327632 0.7841221202315919 0.6673055535715867 1.0 1.0 nan F090W
249 8.902761462589227 11.180339887498949 0.5891316571238154 0.7041340036687466 0.5812906978525074 1.0 1.0 nan F090W
323 10.139728459745083 13.0 0.44789252375677296 0.4976200811202741 0.4419313655093184 1.0 1.0 nan F090W
419 11.54867275105708 19.72308292331602 0.32746704579559716 0.3637429917921029 0.3231086723526993 1.0 1.0 nan F090W
452 11.994835078277376 19.72308292331602 0.2973216662494054 0.34154720002786254 0.29336450820612436 1.0 1.0 nan F090W
544 13.159049284959082 20.591260281974 0.23199354111713313 0.25920523119832367 0.22890585793951082 1.0 1.0 nan F090W
706 14.99088988838742 21.470910553583888 0.15817124738419788 0.20081803513490581 0.15606609093294505 1.0 1.0 nan F090W
915 17.06615205188822 28.653097563788805 0.11044866563646359 0.14414490629208362 0.10897866571649016 1.0 1.0 nan F090W
1188 19.44613444328572 30.01666203960727 0.08004491067211707 0.09839456678997477 0.07897956496056646 1.0 1.0 nan F090W
1541 22.147585299739145 35.84689665786984 0.058185749729709926 0.06967759667917776 0.05741133523630359 1.0 1.0 nan F090W
2000 25.2313252202016 40.24922359499622 0.04354601514765798 0.05246178612755726 0.042966446001997914 1.0 1.0 nan F090W
