scripts/analysis/wing_calibration/calcurves/calcurves_all.ecsv
# %ECSV 1.0
# ---
# datatype:
# - {name: N_masked_px, datatype: int64}
# - {name: r_mask_equiv, datatype: float64}
# - {name: r_mask_max, datatype: float64}
# - {name: bias_model_to_data, datatype: float64}
# - {name: bias_circmask, datatype: float64}
# - {name: amp_raw, datatype: float64}
# - {name: control_self_data, datatype: float64}
# - {name: control_self_model, datatype: float64}
# - {name: null_machinery, datatype: float64}
# - {name: filter, datatype: string}
# meta: !!omap
# - {note: see per-filter calcurve_<filt>.ecsv for provenance}
# - {bias_def: 'LSQ amplitude of STPSF-model stack fit to empirical stack with inner N brightest px masked, divided by the unmasked amplitude.
#     >1 = flux overestimated.'}
# schema: astropy-2.0
N_masked_px r_mask_equiv r_mask_max bias_model_to_data bias_circmask amp_raw control_self_data control_self_model null_machinery filter
[from data line 136]
114 6.023896332520351 10.816653826391969 0.8591943368774888 0.9318922335083003 0.8480413909364847 1.0 1.0 0.9887265064381585 F212N
148 6.863662517577698 11.661903789690601 0.7803321047103319 0.9048954237716592 0.7702028459311213 1.0 1.0 0.9791357007954697 F212N
192 7.817640190446719 11.661903789690601 0.6948030367688062 0.8925310083998053 0.6857840053621398 1.0 1.0 0.9890685216562407 F212N
201 7.998767850296815 14.0 0.6772368279120232 0.8925310083998053 0.6684458182338054 1.0 1.0 0.997911779202941 F212N
249 8.902761462589227 20.591260281974 0.5909143765117572 0.8614812369970615 0.5832438928806046 1.0 1.0 1.0106828805138972 F212N
323 10.139728459745083 49.8196748283246 0.5051767280695593 0.7435343599321912 0.4986191793323444 1.0 1.0 0.9874700354145781 F212N
419 11.54867275105708 49.8196748283246 0.42449595327824696 0.647512519513432 0.4189856976633262 1.0 1.0 0.9900478024524215 F212N
452 11.994835078277376 49.8196748283246 0.41126843293151927 0.6094255891704782 0.40592987982094314 1.0 1.0 0.985441342587803 F212N
544 13.159049284959082 49.92995093127971 0.3729084361473996 0.5939547408603603 0.3680678227369211 1.0 1.0 0.9755595756192253 F212N
706 14.99088988838742 49.92995093127971 0.3005943957985377 0.5785486536078397 0.2966924694209807 1.0 1.0 0.9657223305955602 F212N
915 17.06615205188822 50.0 0.2397069903378521 0.6111808267749071 0.23659542524696153 1.0 1.0 0.9746292383645755 F212N
1188 19.44613444328572 50.0 0.1542500734238489 0.6596269653880094 0.15224779913449052 1.0 1.0 0.9748253337835531 F212N
1541 22.147585299739145 50.0 0.04427498862751652 0.6554197556559428 0.04370026817894392 1.0 1.0 0.9725398910271039 F212N
2000 25.2313252202016 50.0 -0.09719038802005261 0.9598350107518782 -0.09592878852265344 1.0 1.0 0.9570117962960586 F212N
0 0.0 0.0 1.0 1.0 0.9840372190729285 1.0 1.0 1.0 F405N
5 1.2615662610100802 1.0 0.9992092371844801 0.9992092371844801 0.983259079030998 1.0 1.0 1.0006772250381306 F405N
6 1.381976597885342 1.4142135623730951 0.996366698952208 0.9992092371844801 0.9804619156138045 1.0 1.0 1.001763486263306 F405N
8 1.5957691216057308 1.4142135623730951 0.9852574677392836 0.9886987729227664 0.9695300186250002 1.0 1.0 1.0027375159797214 F405N
11 1.8712051592547776 2.0 0.9952882320498182 0.9886987729227664 0.9794006640423146 1.0 1.0 1.003940817758523 F405N
14 2.111004122822376 2.23606797749979 0.9937447670090669 0.9938376789960932 0.9778818369958775 1.0 1.0 1.0029350022848045 F405N
18 2.393653682408596 2.23606797749979 0.991752098547695 0.9988899514845364 0.9759209770646147 1.0 1.0 1.0026591475113285 F405N
24 2.763953195770684 3.605551275463989 0.9905685468278707 0.9988899514845364 0.9747563181216098 1.0 1.0 1.0047065499160543 F405N
28 2.985410660720923 3.605551275463989 0.9833684563563382 0.9955955152289452 0.9676711611169295 1.0 1.0 1.0067205868913944 F405N
31 3.141274657157109 4.0 0.9707997201944911 0.9921203547165026 0.9553030569369642 1.0 1.0 1.0061902153249234 F405N
40 3.5682482323055424 4.123105625617661 0.9427685497380839 0.9840648088185225 0.927719341913682 1.0 1.0 1.0032693448991523 F405N
50 3.989422804014327 4.47213595499958 0.8862376193326053 0.9730624644408501 0.8720908023658696 1.0 1.0 1.00093638781059 F405N
52 4.068428945128219 4.47213595499958 0.889755197108257 0.9665528527430642 0.8755522298180946 1.0 1.0 1.001901722800468 F405N
68 4.652426491681278 5.0 0.9009550231296235 0.9197167913464639 0.8865732754702607 1.0 1.0 1.0102993330700973 F405N
88 5.292567428401227 8.06225774829855 0.8806053020344604 0.9060736290341732 0.8665483925148667 1.0 1.0 1.0059741262502604 F405N
113 5.997417539138688 10.295630140987 0.8511437840843619 0.905499335025419 0.8375571623215846 1.0 1.0 1.0098997059001664 F405N
114 6.023896332520351 10.295630140987 0.8521491610787498 0.9053842343509743 0.838546490703262 1.0 1.0 1.009624115069363 F405N
148 6.863662517577698 10.816653826391969 0.8276332872799638 0.9125184988903655 0.8144219584271617 1.0 1.0 1.014341084468015 F405N
192 7.817640190446719 13.0 0.7705558567530746 0.9078256742649441 0.7582556424196534 1.0 1.0 1.0084585670116601 F405N
201 7.998767850296815 13.0 0.7571995543909312 0.9078256742649441 0.7451125437861127 1.0 1.0 1.0053583456917252 F405N
249 8.902761462589227 49.92995093127971 0.7246114649972054 0.8631317419325513 0.7130446509242107 1.0 1.0 1.0010109559234472 F405N
323 10.139728459745083 50.0 0.6932061319775477 0.8448795459923308 0.6821406343554874 1.0 1.0 1.0075973059986334 F405N
419 11.54867275105708 50.0 0.6585659405174934 0.8040685091719171 0.6480533966829819 1.0 1.0 1.0037326676966718 F405N
452 11.994835078277376 50.0 0.652500891306608 0.807876315004725 0.6420851625239617 1.0 1.0 1.0042700716770996 F405N
544 13.159049284959082 50.0 0.6310230963321088 0.8520923724153038 0.6209502128854371 1.0 1.0 1.0033515376291138 F405N
706 14.99088988838742 50.0 0.5934970522512205 0.9535484542488728 0.5840231888252716 1.0 1.0 1.0020891731127157 F405N
915 17.06615205188822 50.0 0.5561722471977988 1.1889410056899066 0.5472941914580632 1.0 1.0 1.003432437565133 F405N
1188 19.44613444328572 50.0 0.5001970993459105 1.5747487745925706 0.49221256262869517 1.0 1.0 1.0071615032351746 F405N
1541 22.147585299739145 50.0 0.4365305864465652 2.1024889185478175 0.4295623443271527 1.0 1.0 1.0092684393383577 F405N
2000 25.2313252202016 50.0 0.3415531762005782 3.2027321447302914 0.3361010376739429 1.0 1.0 1.0055474229290702 F405N
0 0.0 0.0 1.0 1.0 0.9933979329137143 1.0 1.0 1.0 F410M
5 1.2615662610100802 1.0 1.0437861598684728 1.0437861598684728 1.0368950136172845 1.0 1.0 0.9995309974363201 F410M
6 1.381976597885342 1.4142135623730951 1.045187871254026 1.0437861598684728 1.0382874708102345 1.0 1.0 1.0001009799051563 F410M
8 1.5957691216057308 1.4142135623730951 1.057673395755349 1.090863806114689 1.0506905650411926 1.0 1.0 1.0007680742142848 F410M
11 1.8712051592547776 2.0 1.096373728450575 1.090863806114689 1.089135395543703 1.0 1.0 1.0026399744258658 F410M
14 2.111004122822376 2.23606797749979 1.095959999286315 1.094033302128755 1.088724397847141 1.0 1.0 1.0016487429528007 F410M
18 2.393653682408596 2.23606797749979 1.1133985465161238 1.1292717566793344 1.1060478146182513 1.0 1.0 1.0022648849379325 F410M
24 2.763953195770684 3.605551275463989 1.1178901392386054 1.1292717566793344 1.1105097535442547 1.0 1.0 0.9999400093644735 F410M
28 2.985410660720923 3.605551275463989 1.117751889412991 1.1323623281465645 1.1103724164532638 1.0 1.0 0.9995924211202204 F410M
31 3.141274657157109 4.0 1.107953624347625 1.1258213914181983 1.1006388401911884 1.0 1.0 0.999810064038644 F410M
40 3.5682482323055424 4.123105625617661 1.095156028382928 1.1222523330695362 1.0879257348135938 1.0 1.0 1.0003083334497322 F410M
50 3.989422804014327 4.47213595499958 1.0469950473400993 1.1317851983492797 1.040082715798551 1.0 1.0 1.0008560232026738 F410M
52 4.068428945128219 4.47213595499958 1.0445331619267098 1.1339053040301335 1.0376370839178195 1.0 1.0 1.0014984271243608 F410M
68 4.652426491681278 5.0 1.1427073085497856 1.159270823488226 1.135163078238751 1.0 1.0 1.002743712962129 F410M
88 5.292567428401227 8.06225774829855 1.1533119408127985 1.1944061115765519 1.145697698008138 1.0 1.0 0.9998036865574531 F410M
113 5.997417539138688 10.295630140987 1.1648864777357613 1.2102960577304622 1.1571958190618428 1.0 1.0 1.0007999225266184 F410M
114 6.023896332520351 10.295630140987 1.166731273971197 1.2109924155142688 1.1590284358287715 1.0 1.0 1.0008273489046127 F410M
148 6.863662517577698 10.816653826391969 1.1565471834785 1.2198651284197692 1.1489115813847202 1.0 1.0 1.0022846239690473 F410M
192 7.817640190446719 10.816653826391969 1.1383593099528733 1.2127939019044571 1.1308437854202664 1.0 1.0 1.0019350047787074 F410M
201 7.998767850296815 10.816653826391969 1.1288297124264197 1.2127939019044571 1.1213771029359878 1.0 1.0 1.0006665413291365 F410M
249 8.902761462589227 13.0 1.162058539094697 1.2112231429878844 1.1543865506614026 1.0 1.0 0.9984524082939704 F410M
323 10.139728459745083 49.92995093127971 1.1866888114756355 1.2295661178332056 1.1788542123317287 1.0 1.0 0.996339719329477 F410M
419 11.54867275105708 49.92995093127971 1.2038227184892147 1.2447492559948792 1.195875000141754 1.0 1.0 0.9935536945545945 F410M
452 11.994835078277376 49.92995093127971 1.2061451879530416 1.2545850528814653 1.198182136506375 1.0 1.0 0.9937028184095476 F410M
544 13.159049284959082 49.92995093127971 1.197977745678762 1.3526785818073985 1.1900686162339134 1.0 1.0 0.9933774114101925 F410M
706 14.99088988838742 49.92995093127971 1.1783168001795588 1.5034192580709884 1.1705374736158758 1.0 1.0 0.9923429256141644 F410M
915 17.06615205188822 49.9799959983992 1.1540110175782117 1.7914160701070894 1.1463921594218474 1.0 1.0 0.9914076717130124 F410M
1188 19.44613444328572 50.0 1.1233661392807817 2.2415585617643554 1.1159496006667882 1.0 1.0 0.991557400736518 F410M
1541 22.147585299739145 50.0 1.0988671832792676 2.9221686672251743 1.09161238841634 1.0 1.0 0.9896919595911857 F410M
2000 25.2313252202016 50.0 1.0333317814091243 4.083277416148345 1.0265096556658702 1.0 1.0 0.9890944140113433 F410M
0 0.0 0.0 1.0 1.0 0.9886673440484312 1.0 1.0 1.0 F466N
5 1.2615662610100802 1.0 1.0014405519403127 1.0014405519403127 0.9900915707092239 1.0 1.0 1.000040940116556 F466N
6 1.381976597885342 1.4142135623730951 0.9990652538675099 1.0014405519403127 0.9877431910722626 1.0 1.0 1.0000654516483891 F466N
8 1.5957691216057308 1.4142135623730951 0.9943717328587809 0.9951229436687001 0.983102860122327 1.0 1.0 1.000405709226874 F466N
11 1.8712051592547776 2.0 1.0012068445074265 0.9951229436687001 0.9898605118022679 1.0 1.0 1.0015408497291722 F466N
14 2.111004122822376 2.23606797749979 0.9980060334340707 0.9966976162880736 0.9866959744195725 1.0 1.0 1.0011164524884884 F466N
18 2.393653682408596 2.23606797749979 1.0039577860329518 1.0049726756933344 0.9925802778539415 1.0 1.0 1.0031600416790833 F466N
24 2.763953195770684 4.47213595499958 1.0018559427876235 1.0049726756933344 0.9905022540749766 1.0 1.0 1.0032722539305545 F466N
28 2.985410660720923 4.47213595499958 0.994795511306181 1.0051529426635033 0.983521836034383 1.0 1.0 1.0028770327691892 F466N
31 3.141274657157109 4.47213595499958 0.9954094644380094 1.0057170164661868 0.984128831446598 1.0 1.0 1.003693093163244 F466N
40 3.5682482323055424 4.47213595499958 0.9713598649288868 1.0034984549987607 0.9603517777744853 1.0 1.0 1.003111355927767 F466N
50 3.989422804014327 4.47213595499958 0.9708029960563074 1.0000649206532652 0.959801219705249 1.0 1.0 1.0014746534510908 F466N
52 4.068428945128219 4.47213595499958 0.9656658934191604 0.9993466259099082 0.9547223340848767 1.0 1.0 1.0003945290518808 F466N
68 4.652426491681278 5.0 0.9583228793843253 0.9815312433801278 0.9474625359017459 1.0 1.0 1.0048032870614818 F466N
88 5.292567428401227 5.385164807134504 0.8997234852914393 0.9581612970830558 0.889527228581085 1.0 1.0 1.0038237842518256 F466N
113 5.997417539138688 9.486832980505138 0.8834167739953576 0.9006349562433615 0.8734053156338233 1.0 1.0 1.0006471602930842 F466N
114 6.023896332520351 9.486832980505138 0.8811959514999288 0.8999577999733283 0.8712096609556648 1.0 1.0 1.000479345100301 F466N
148 6.863662517577698 11.661903789690601 0.8306017411285429 0.8819211313700832 0.8211888173635591 1.0 1.0 1.001076458205975 F466N
192 7.817640190446719 12.529964086141668 0.7642279727721644 0.8774803529733811 0.7555672400881726 1.0 1.0 1.0044874742689711 F466N
201 7.998767850296815 15.0 0.7536034957354464 0.8774803529733811 0.745063166594377 1.0 1.0 1.0053934567366012 F466N
249 8.902761462589227 15.0 0.7038985062722859 0.874226821297845 0.6959214666758788 1.0 1.0 1.001534297942429 F466N
323 10.139728459745083 45.69463863518345 0.6066413833284848 0.7849511951530018 0.5997665252452393 1.0 1.0 1.002935351722026 F466N
419 11.54867275105708 49.49747468305833 0.5428090034511741 0.7683298968311243 0.536657535767648 1.0 1.0 1.0097509726282188 F466N
452 11.994835078277376 49.49747468305833 0.5273456023682132 0.7413656045740432 0.5213693760890014 1.0 1.0 1.0051781298127551 F466N
544 13.159049284959082 49.8196748283246 0.4897560447444329 0.6921666111950134 0.4842058079891431 1.0 1.0 1.0054863370751368 F466N
706 14.99088988838742 49.92995093127971 0.4376733076939746 0.7249781118067823 0.4327133066786937 1.0 1.0 1.0114110902980311 F466N
915 17.06615205188822 49.92995093127971 0.3903704115680614 0.7861648791763662 0.38594647800008824 1.0 1.0 1.0110002772189315 F466N
1188 19.44613444328572 50.0 0.32671955045369544 0.966517921301542 0.3230169501957525 1.0 1.0 1.002756460349634 F466N
1541 22.147585299739145 50.0 0.2443565893005688 1.2101908192646327 0.24158738014452666 1.0 1.0 1.0019936641481877 F466N
2000 25.2313252202016 50.0 0.12925243716642376 1.561635118287394 0.1277876637651149 1.0 1.0 1.0081335764499912 F466N
