scripts/analysis/wing_calibration/calcurves/calcurve_f466n.ecsv
# %ECSV 1.0
# ---
# datatype:
# - {name: N_masked_px, datatype: int64}
# - {name: r_mask_equiv, datatype: float64}
# - {name: r_mask_max, datatype: float64}
# - {name: bias_model_to_data, datatype: float64}
# - {name: bias_circmask, datatype: float64}
# - {name: amp_raw, datatype: float64}
# - {name: control_self_data, datatype: float64}
# - {name: control_self_model, datatype: float64}
# - {name: null_machinery, datatype: float64}
# - {name: filter, datatype: string}
# meta: !!omap
# - {filter: F466N}
# - {field_det: brick nrcalong}
# - {n_stars: 250}
# - {source_stack: /blue/adamginsburg/adamginsburg/tmp/claude-3663/-blue-adamginsburg-adamginsburg-repos-jwst-gc-pipeline/d046d21c-902e-4ed6-b230-4b20ac93f54c/scratchpad/agent_calcurves/stack2d_f466n_nrcalong.npz}
# - {fit_region_radius_px: 50.0}
# - {amp_unmasked: 0.9886673440484312}
# - {bias_def: 'LSQ amplitude of STPSF-model stack fit to empirical stack with inner N brightest px masked, divided by the unmasked amplitude.
#     >1 = flux overestimated.'}
# - {r_mask_equiv_def: 'sqrt(N_masked/pi) [px]'}
# - {r_mask_max_def: 'largest radius among masked px [px]'}
# - {bias_circmask_def: same fit but masking the circle r < r_mask_equiv instead of the N brightest px (star-fit-experiment geometry)}
# - {controls: 'control_self_* = same-mask self-fit (==1 validates machinery); null_machinery = model+ERR-noise stack pushed through identical
#     stacking, fit vs model, normalized to its unmasked amp (brick only)'}
# schema: astropy-2.0
N_masked_px r_mask_equiv r_mask_max bias_model_to_data bias_circmask amp_raw control_self_data control_self_model null_machinery filter
0 0.0 0.0 1.0 1.0 0.9886673440484312 1.0 1.0 1.0 F466N
5 1.2615662610100802 1.0 1.0014405519403127 1.0014405519403127 0.9900915707092239 1.0 1.0 1.000040940116556 F466N
6 1.381976597885342 1.4142135623730951 0.9990652538675099 1.0014405519403127 0.9877431910722626 1.0 1.0 1.0000654516483891 F466N
8 1.5957691216057308 1.4142135623730951 0.9943717328587809 0.9951229436687001 0.983102860122327 1.0 1.0 1.000405709226874 F466N
11 1.8712051592547776 2.0 1.0012068445074265 0.9951229436687001 0.9898605118022679 1.0 1.0 1.0015408497291722 F466N
14 2.111004122822376 2.23606797749979 0.9980060334340707 0.9966976162880736 0.9866959744195725 1.0 1.0 1.0011164524884884 F466N
18 2.393653682408596 2.23606797749979 1.0039577860329518 1.0049726756933344 0.9925802778539415 1.0 1.0 1.0031600416790833 F466N
24 2.763953195770684 4.47213595499958 1.0018559427876235 1.0049726756933344 0.9905022540749766 1.0 1.0 1.0032722539305545 F466N
28 2.985410660720923 4.47213595499958 0.994795511306181 1.0051529426635033 0.983521836034383 1.0 1.0 1.0028770327691892 F466N
31 3.141274657157109 4.47213595499958 0.9954094644380094 1.0057170164661868 0.984128831446598 1.0 1.0 1.003693093163244 F466N
40 3.5682482323055424 4.47213595499958 0.9713598649288868 1.0034984549987607 0.9603517777744853 1.0 1.0 1.003111355927767 F466N
50 3.989422804014327 4.47213595499958 0.9708029960563074 1.0000649206532652 0.959801219705249 1.0 1.0 1.0014746534510908 F466N
52 4.068428945128219 4.47213595499958 0.9656658934191604 0.9993466259099082 0.9547223340848767 1.0 1.0 1.0003945290518808 F466N
68 4.652426491681278 5.0 0.9583228793843253 0.9815312433801278 0.9474625359017459 1.0 1.0 1.0048032870614818 F466N
88 5.292567428401227 5.385164807134504 0.8997234852914393 0.9581612970830558 0.889527228581085 1.0 1.0 1.0038237842518256 F466N
113 5.997417539138688 9.486832980505138 0.8834167739953576 0.9006349562433615 0.8734053156338233 1.0 1.0 1.0006471602930842 F466N
114 6.023896332520351 9.486832980505138 0.8811959514999288 0.8999577999733283 0.8712096609556648 1.0 1.0 1.000479345100301 F466N
148 6.863662517577698 11.661903789690601 0.8306017411285429 0.8819211313700832 0.8211888173635591 1.0 1.0 1.001076458205975 F466N
192 7.817640190446719 12.529964086141668 0.7642279727721644 0.8774803529733811 0.7555672400881726 1.0 1.0 1.0044874742689711 F466N
201 7.998767850296815 15.0 0.7536034957354464 0.8774803529733811 0.745063166594377 1.0 1.0 1.0053934567366012 F466N
249 8.902761462589227 15.0 0.7038985062722859 0.874226821297845 0.6959214666758788 1.0 1.0 1.001534297942429 F466N
323 10.139728459745083 45.69463863518345 0.6066413833284848 0.7849511951530018 0.5997665252452393 1.0 1.0 1.002935351722026 F466N
419 11.54867275105708 49.49747468305833 0.5428090034511741 0.7683298968311243 0.536657535767648 1.0 1.0 1.0097509726282188 F466N
452 11.994835078277376 49.49747468305833 0.5273456023682132 0.7413656045740432 0.5213693760890014 1.0 1.0 1.0051781298127551 F466N
544 13.159049284959082 49.8196748283246 0.4897560447444329 0.6921666111950134 0.4842058079891431 1.0 1.0 1.0054863370751368 F466N
706 14.99088988838742 49.92995093127971 0.4376733076939746 0.7249781118067823 0.4327133066786937 1.0 1.0 1.0114110902980311 F466N
915 17.06615205188822 49.92995093127971 0.3903704115680614 0.7861648791763662 0.38594647800008824 1.0 1.0 1.0110002772189315 F466N
1188 19.44613444328572 50.0 0.32671955045369544 0.966517921301542 0.3230169501957525 1.0 1.0 1.002756460349634 F466N
1541 22.147585299739145 50.0 0.2443565893005688 1.2101908192646327 0.24158738014452666 1.0 1.0 1.0019936641481877 F466N
2000 25.2313252202016 50.0 0.12925243716642376 1.561635118287394 0.1277876637651149 1.0 1.0 1.0081335764499912 F466N
