scripts/analysis/wing_calibration/calcurves/calcurve_f410m.ecsv
# %ECSV 1.0
# ---
# datatype:
# - {name: N_masked_px, datatype: int64}
# - {name: r_mask_equiv, datatype: float64}
# - {name: r_mask_max, datatype: float64}
# - {name: bias_model_to_data, datatype: float64}
# - {name: bias_circmask, datatype: float64}
# - {name: amp_raw, datatype: float64}
# - {name: control_self_data, datatype: float64}
# - {name: control_self_model, datatype: float64}
# - {name: null_machinery, datatype: float64}
# - {name: filter, datatype: string}
# meta: !!omap
# - {filter: F410M}
# - {field_det: brick nrcalong}
# - {n_stars: 250}
# - {source_stack: /blue/adamginsburg/adamginsburg/tmp/claude-3663/-blue-adamginsburg-adamginsburg-repos-jwst-gc-pipeline/d046d21c-902e-4ed6-b230-4b20ac93f54c/scratchpad/agent_calcurves/stack2d_f410m_nrcalong.npz}
# - {fit_region_radius_px: 50.0}
# - {amp_unmasked: 0.9933979329137143}
# - {bias_def: 'LSQ amplitude of STPSF-model stack fit to empirical stack with inner N brightest px masked, divided by the unmasked amplitude.
#     >1 = flux overestimated.'}
# - {r_mask_equiv_def: 'sqrt(N_masked/pi) [px]'}
# - {r_mask_max_def: 'largest radius among masked px [px]'}
# - {bias_circmask_def: same fit but masking the circle r < r_mask_equiv instead of the N brightest px (star-fit-experiment geometry)}
# - {controls: 'control_self_* = same-mask self-fit (==1 validates machinery); null_machinery = model+ERR-noise stack pushed through identical
#     stacking, fit vs model, normalized to its unmasked amp (brick only)'}
# schema: astropy-2.0
N_masked_px r_mask_equiv r_mask_max bias_model_to_data bias_circmask amp_raw control_self_data control_self_model null_machinery filter
0 0.0 0.0 1.0 1.0 0.9933979329137143 1.0 1.0 1.0 F410M
5 1.2615662610100802 1.0 1.0437861598684728 1.0437861598684728 1.0368950136172845 1.0 1.0 0.9995309974363201 F410M
6 1.381976597885342 1.4142135623730951 1.045187871254026 1.0437861598684728 1.0382874708102345 1.0 1.0 1.0001009799051563 F410M
8 1.5957691216057308 1.4142135623730951 1.057673395755349 1.090863806114689 1.0506905650411926 1.0 1.0 1.0007680742142848 F410M
11 1.8712051592547776 2.0 1.096373728450575 1.090863806114689 1.089135395543703 1.0 1.0 1.0026399744258658 F410M
14 2.111004122822376 2.23606797749979 1.095959999286315 1.094033302128755 1.088724397847141 1.0 1.0 1.0016487429528007 F410M
18 2.393653682408596 2.23606797749979 1.1133985465161238 1.1292717566793344 1.1060478146182513 1.0 1.0 1.0022648849379325 F410M
24 2.763953195770684 3.605551275463989 1.1178901392386054 1.1292717566793344 1.1105097535442547 1.0 1.0 0.9999400093644735 F410M
28 2.985410660720923 3.605551275463989 1.117751889412991 1.1323623281465645 1.1103724164532638 1.0 1.0 0.9995924211202204 F410M
31 3.141274657157109 4.0 1.107953624347625 1.1258213914181983 1.1006388401911884 1.0 1.0 0.999810064038644 F410M
40 3.5682482323055424 4.123105625617661 1.095156028382928 1.1222523330695362 1.0879257348135938 1.0 1.0 1.0003083334497322 F410M
50 3.989422804014327 4.47213595499958 1.0469950473400993 1.1317851983492797 1.040082715798551 1.0 1.0 1.0008560232026738 F410M
52 4.068428945128219 4.47213595499958 1.0445331619267098 1.1339053040301335 1.0376370839178195 1.0 1.0 1.0014984271243608 F410M
68 4.652426491681278 5.0 1.1427073085497856 1.159270823488226 1.135163078238751 1.0 1.0 1.002743712962129 F410M
88 5.292567428401227 8.06225774829855 1.1533119408127985 1.1944061115765519 1.145697698008138 1.0 1.0 0.9998036865574531 F410M
113 5.997417539138688 10.295630140987 1.1648864777357613 1.2102960577304622 1.1571958190618428 1.0 1.0 1.0007999225266184 F410M
114 6.023896332520351 10.295630140987 1.166731273971197 1.2109924155142688 1.1590284358287715 1.0 1.0 1.0008273489046127 F410M
148 6.863662517577698 10.816653826391969 1.1565471834785 1.2198651284197692 1.1489115813847202 1.0 1.0 1.0022846239690473 F410M
192 7.817640190446719 10.816653826391969 1.1383593099528733 1.2127939019044571 1.1308437854202664 1.0 1.0 1.0019350047787074 F410M
201 7.998767850296815 10.816653826391969 1.1288297124264197 1.2127939019044571 1.1213771029359878 1.0 1.0 1.0006665413291365 F410M
249 8.902761462589227 13.0 1.162058539094697 1.2112231429878844 1.1543865506614026 1.0 1.0 0.9984524082939704 F410M
323 10.139728459745083 49.92995093127971 1.1866888114756355 1.2295661178332056 1.1788542123317287 1.0 1.0 0.996339719329477 F410M
419 11.54867275105708 49.92995093127971 1.2038227184892147 1.2447492559948792 1.195875000141754 1.0 1.0 0.9935536945545945 F410M
452 11.994835078277376 49.92995093127971 1.2061451879530416 1.2545850528814653 1.198182136506375 1.0 1.0 0.9937028184095476 F410M
544 13.159049284959082 49.92995093127971 1.197977745678762 1.3526785818073985 1.1900686162339134 1.0 1.0 0.9933774114101925 F410M
706 14.99088988838742 49.92995093127971 1.1783168001795588 1.5034192580709884 1.1705374736158758 1.0 1.0 0.9923429256141644 F410M
915 17.06615205188822 49.9799959983992 1.1540110175782117 1.7914160701070894 1.1463921594218474 1.0 1.0 0.9914076717130124 F410M
1188 19.44613444328572 50.0 1.1233661392807817 2.2415585617643554 1.1159496006667882 1.0 1.0 0.991557400736518 F410M
1541 22.147585299739145 50.0 1.0988671832792676 2.9221686672251743 1.09161238841634 1.0 1.0 0.9896919595911857 F410M
2000 25.2313252202016 50.0 1.0333317814091243 4.083277416148345 1.0265096556658702 1.0 1.0 0.9890944140113433 F410M
