scripts/analysis/wing_calibration/calcurves/calcurve_f182m.ecsv
# %ECSV 1.0
# ---
# datatype:
# - {name: N_masked_px, datatype: int64}
# - {name: r_mask_equiv, datatype: float64}
# - {name: r_mask_max, datatype: float64}
# - {name: bias_model_to_data, datatype: float64}
# - {name: bias_circmask, datatype: float64}
# - {name: amp_raw, datatype: float64}
# - {name: control_self_data, datatype: float64}
# - {name: control_self_model, datatype: float64}
# - {name: null_machinery, datatype: float64}
# - {name: filter, datatype: string}
# meta: !!omap
# - {filter: F182M}
# - {field_det: brick nrca1}
# - {n_stars: 250}
# - {source_stack: /blue/adamginsburg/adamginsburg/tmp/claude-3663/-blue-adamginsburg-adamginsburg-repos-jwst-gc-pipeline/d046d21c-902e-4ed6-b230-4b20ac93f54c/scratchpad/agent_stack2d/stack2d_f182m_nrca1.npz}
# - {fit_region_radius_px: 50.0}
# - {amp_unmasked: 0.9896018843345625}
# - {bias_def: 'LSQ amplitude of STPSF-model stack fit to empirical stack with inner N brightest px masked, divided by the unmasked amplitude.
#     >1 = flux overestimated.'}
# - {r_mask_equiv_def: 'sqrt(N_masked/pi) [px]'}
# - {r_mask_max_def: 'largest radius among masked px [px]'}
# - {bias_circmask_def: same fit but masking the circle r < r_mask_equiv instead of the N brightest px (star-fit-experiment geometry)}
# - {controls: 'control_self_* = same-mask self-fit (==1 validates machinery); null_machinery = model+ERR-noise stack pushed through identical
#     stacking, fit vs model, normalized to its unmasked amp (brick only)'}
# schema: astropy-2.0
N_masked_px r_mask_equiv r_mask_max bias_model_to_data bias_circmask amp_raw control_self_data control_self_model null_machinery filter
0 0.0 0.0 1.0 1.0 0.9896018843345625 1.0 1.0 1.0 F182M
5 1.2615662610100802 1.0 1.0334114678574329 1.0334114678574329 1.0226659358846617 1.0 1.0 0.9989084406924387 F182M
6 1.381976597885342 1.4142135623730951 1.037009173262143 1.0334114678574329 1.0262262319324436 1.0 1.0 0.9990528719260215 F182M
8 1.5957691216057308 1.4142135623730951 1.0462035092158588 1.0789439959532618 1.0353249641174458 1.0 1.0 0.9980745257590496 F182M
11 1.8712051592547776 2.0 1.0708912000502457 1.0789439959532618 1.0597559494870241 1.0 1.0 0.998083927330676 F182M
14 2.111004122822376 2.23606797749979 1.0776748259041677 1.080316809269609 1.066469038414686 1.0 1.0 0.9971771222874108 F182M
18 2.393653682408596 2.23606797749979 1.0630094555840848 1.0529793325957646 1.0519561603114678 1.0 1.0 0.9998402007051049 F182M
24 2.763953195770684 3.605551275463989 1.0136754651510473 1.0529793325957646 1.0031351504171906 1.0 1.0 1.0001730942002967 F182M
28 2.985410660720923 3.605551275463989 0.9944756344090143 1.0495287208400035 0.98413496173597 1.0 1.0 1.0018230406453221 F182M
31 3.141274657157109 3.605551275463989 0.9933563017553413 1.0517724197618838 0.983027268032698 1.0 1.0 1.0015835851855832 F182M
40 3.5682482323055424 4.123105625617661 0.9934231891028803 1.0700097103509785 0.9830934598778608 1.0 1.0 1.0048579282303578 F182M
50 3.989422804014327 4.47213595499958 0.9745360294993956 1.1109457022945823 0.9644026911445247 1.0 1.0 1.003809089048801 F182M
52 4.068428945128219 4.47213595499958 0.9782462897031727 1.1235323149607106 0.9680743716335541 1.0 1.0 1.0047705034320313 F182M
68 4.652426491681278 5.0990195135927845 1.141431467121225 1.155351831786124 1.1295627307019285 1.0 1.0 1.0034933961204784 F182M
88 5.292567428401227 8.246211251235321 1.0589528840960432 1.138900495406793 1.0479417695229638 1.0 1.0 1.002902364456577 F182M
113 5.997417539138688 9.433981132056603 1.0284200785884 1.1307635537307883 1.0177264476585794 1.0 1.0 1.0031742572521953 F182M
114 6.023896332520351 9.433981132056603 1.0306284354871877 1.127012217441678 1.019911841806903 1.0 1.0 1.0035993436670727 F182M
148 6.863662517577698 10.295630140987 1.0255305095587457 1.1173764458048057 1.0148669247019189 1.0 1.0 1.005161984587259 F182M
192 7.817640190446719 10.295630140987 0.9817482642088803 1.1324043223259366 0.9715399322032939 1.0 1.0 1.0031736275835945 F182M
201 7.998767850296815 12.0 0.9864994279912777 1.1324043223259366 0.9762416928351364 1.0 1.0 1.0025428010108686 F182M
249 8.902761462589227 18.35755975068582 0.9723531247014856 1.073454958209412 0.96224248444319 1.0 1.0 1.0006672035482813 F182M
323 10.139728459745083 18.867962264113206 0.9645818721702346 1.0040655299366716 0.9545520382946243 1.0 1.0 0.9960727241297719 F182M
419 11.54867275105708 22.825424421026653 0.9793512482140064 0.9953206638727476 0.9691678406579867 1.0 1.0 0.9916520542441914 F182M
452 11.994835078277376 22.825424421026653 0.9819263974823363 0.9997494142176382 0.9717162132263687 1.0 1.0 0.9932613310916033 F182M
544 13.159049284959082 35.84689665786984 0.9788052578640338 1.040285707742718 0.9686275275788253 1.0 1.0 0.9981601614269259 F182M
706 14.99088988838742 47.92702786528704 0.9837189990498922 1.0833341093037185 0.9734901751154831 1.0 1.0 0.9984152513970648 F182M
915 17.06615205188822 49.73932046178355 0.974561164392452 1.1192233051808747 0.9644275646820558 1.0 1.0 1.001787142839566 F182M
1188 19.44613444328572 49.8196748283246 0.945877494496134 1.1645221276060072 0.936042150903029 1.0 1.0 1.0014794144290093 F182M
1541 22.147585299739145 50.0 0.9164247687034961 1.3606647522688058 0.9068956779598454 1.0 1.0 0.9993440977958576 F182M
2000 25.2313252202016 50.0 0.8540199159633393 1.6317735377713878 0.8451397180965653 1.0 1.0 0.9992226072618643 F182M
