scripts/analysis/wing_calibration/calcurves/calcurve_f405n.ecsv
# %ECSV 1.0
# ---
# datatype:
# - {name: N_masked_px, datatype: int64}
# - {name: r_mask_equiv, datatype: float64}
# - {name: r_mask_max, datatype: float64}
# - {name: bias_model_to_data, datatype: float64}
# - {name: bias_circmask, datatype: float64}
# - {name: amp_raw, datatype: float64}
# - {name: control_self_data, datatype: float64}
# - {name: control_self_model, datatype: float64}
# - {name: null_machinery, datatype: float64}
# - {name: filter, datatype: string}
# meta: !!omap
# - {filter: F405N}
# - {field_det: brick nrcalong}
# - {n_stars: 250}
# - {source_stack: /blue/adamginsburg/adamginsburg/tmp/claude-3663/-blue-adamginsburg-adamginsburg-repos-jwst-gc-pipeline/d046d21c-902e-4ed6-b230-4b20ac93f54c/scratchpad/agent_stack2d/stack2d_f405n_nrcalong.npz}
# - {fit_region_radius_px: 50.0}
# - {amp_unmasked: 0.9840372190729285}
# - {bias_def: 'LSQ amplitude of STPSF-model stack fit to empirical stack with inner N brightest px masked, divided by the unmasked amplitude.
#     >1 = flux overestimated.'}
# - {r_mask_equiv_def: 'sqrt(N_masked/pi) [px]'}
# - {r_mask_max_def: 'largest radius among masked px [px]'}
# - {bias_circmask_def: same fit but masking the circle r < r_mask_equiv instead of the N brightest px (star-fit-experiment geometry)}
# - {controls: 'control_self_* = same-mask self-fit (==1 validates machinery); null_machinery = model+ERR-noise stack pushed through identical
#     stacking, fit vs model, normalized to its unmasked amp (brick only)'}
# schema: astropy-2.0
N_masked_px r_mask_equiv r_mask_max bias_model_to_data bias_circmask amp_raw control_self_data control_self_model null_machinery filter
0 0.0 0.0 1.0 1.0 0.9840372190729285 1.0 1.0 1.0 F405N
5 1.2615662610100802 1.0 0.9992092371844801 0.9992092371844801 0.983259079030998 1.0 1.0 1.0006772250381306 F405N
6 1.381976597885342 1.4142135623730951 0.996366698952208 0.9992092371844801 0.9804619156138045 1.0 1.0 1.001763486263306 F405N
8 1.5957691216057308 1.4142135623730951 0.9852574677392836 0.9886987729227664 0.9695300186250002 1.0 1.0 1.0027375159797214 F405N
11 1.8712051592547776 2.0 0.9952882320498182 0.9886987729227664 0.9794006640423146 1.0 1.0 1.003940817758523 F405N
14 2.111004122822376 2.23606797749979 0.9937447670090669 0.9938376789960932 0.9778818369958775 1.0 1.0 1.0029350022848045 F405N
18 2.393653682408596 2.23606797749979 0.991752098547695 0.9988899514845364 0.9759209770646147 1.0 1.0 1.0026591475113285 F405N
24 2.763953195770684 3.605551275463989 0.9905685468278707 0.9988899514845364 0.9747563181216098 1.0 1.0 1.0047065499160543 F405N
28 2.985410660720923 3.605551275463989 0.9833684563563382 0.9955955152289452 0.9676711611169295 1.0 1.0 1.0067205868913944 F405N
31 3.141274657157109 4.0 0.9707997201944911 0.9921203547165026 0.9553030569369642 1.0 1.0 1.0061902153249234 F405N
40 3.5682482323055424 4.123105625617661 0.9427685497380839 0.9840648088185225 0.927719341913682 1.0 1.0 1.0032693448991523 F405N
50 3.989422804014327 4.47213595499958 0.8862376193326053 0.9730624644408501 0.8720908023658696 1.0 1.0 1.00093638781059 F405N
52 4.068428945128219 4.47213595499958 0.889755197108257 0.9665528527430642 0.8755522298180946 1.0 1.0 1.001901722800468 F405N
68 4.652426491681278 5.0 0.9009550231296235 0.9197167913464639 0.8865732754702607 1.0 1.0 1.0102993330700973 F405N
88 5.292567428401227 8.06225774829855 0.8806053020344604 0.9060736290341732 0.8665483925148667 1.0 1.0 1.0059741262502604 F405N
113 5.997417539138688 10.295630140987 0.8511437840843619 0.905499335025419 0.8375571623215846 1.0 1.0 1.0098997059001664 F405N
114 6.023896332520351 10.295630140987 0.8521491610787498 0.9053842343509743 0.838546490703262 1.0 1.0 1.009624115069363 F405N
148 6.863662517577698 10.816653826391969 0.8276332872799638 0.9125184988903655 0.8144219584271617 1.0 1.0 1.014341084468015 F405N
192 7.817640190446719 13.0 0.7705558567530746 0.9078256742649441 0.7582556424196534 1.0 1.0 1.0084585670116601 F405N
201 7.998767850296815 13.0 0.7571995543909312 0.9078256742649441 0.7451125437861127 1.0 1.0 1.0053583456917252 F405N
249 8.902761462589227 49.92995093127971 0.7246114649972054 0.8631317419325513 0.7130446509242107 1.0 1.0 1.0010109559234472 F405N
323 10.139728459745083 50.0 0.6932061319775477 0.8448795459923308 0.6821406343554874 1.0 1.0 1.0075973059986334 F405N
419 11.54867275105708 50.0 0.6585659405174934 0.8040685091719171 0.6480533966829819 1.0 1.0 1.0037326676966718 F405N
452 11.994835078277376 50.0 0.652500891306608 0.807876315004725 0.6420851625239617 1.0 1.0 1.0042700716770996 F405N
544 13.159049284959082 50.0 0.6310230963321088 0.8520923724153038 0.6209502128854371 1.0 1.0 1.0033515376291138 F405N
706 14.99088988838742 50.0 0.5934970522512205 0.9535484542488728 0.5840231888252716 1.0 1.0 1.0020891731127157 F405N
915 17.06615205188822 50.0 0.5561722471977988 1.1889410056899066 0.5472941914580632 1.0 1.0 1.003432437565133 F405N
1188 19.44613444328572 50.0 0.5001970993459105 1.5747487745925706 0.49221256262869517 1.0 1.0 1.0071615032351746 F405N
1541 22.147585299739145 50.0 0.4365305864465652 2.1024889185478175 0.4295623443271527 1.0 1.0 1.0092684393383577 F405N
2000 25.2313252202016 50.0 0.3415531762005782 3.2027321447302914 0.3361010376739429 1.0 1.0 1.0055474229290702 F405N
