scripts/analysis/wing_calibration/calcurves/calcurve_f187n.ecsv
# %ECSV 1.0
# ---
# datatype:
# - {name: N_masked_px, datatype: int64}
# - {name: r_mask_equiv, datatype: float64}
# - {name: r_mask_max, datatype: float64}
# - {name: bias_model_to_data, datatype: float64}
# - {name: bias_circmask, datatype: float64}
# - {name: amp_raw, datatype: float64}
# - {name: control_self_data, datatype: float64}
# - {name: control_self_model, datatype: float64}
# - {name: null_machinery, datatype: float64}
# - {name: filter, datatype: string}
# meta: !!omap
# - {filter: F187N}
# - {field_det: brick nrca1}
# - {n_stars: 250}
# - {source_stack: /blue/adamginsburg/adamginsburg/tmp/claude-3663/-blue-adamginsburg-adamginsburg-repos-jwst-gc-pipeline/d046d21c-902e-4ed6-b230-4b20ac93f54c/scratchpad/agent_stack2d/stack2d_f187n_nrca1.npz}
# - {fit_region_radius_px: 50.0}
# - {amp_unmasked: 0.9883540928774853}
# - {bias_def: 'LSQ amplitude of STPSF-model stack fit to empirical stack with inner N brightest px masked, divided by the unmasked amplitude.
#     >1 = flux overestimated.'}
# - {r_mask_equiv_def: 'sqrt(N_masked/pi) [px]'}
# - {r_mask_max_def: 'largest radius among masked px [px]'}
# - {bias_circmask_def: same fit but masking the circle r < r_mask_equiv instead of the N brightest px (star-fit-experiment geometry)}
# - {controls: 'control_self_* = same-mask self-fit (==1 validates machinery); null_machinery = model+ERR-noise stack pushed through identical
#     stacking, fit vs model, normalized to its unmasked amp (brick only)'}
# schema: astropy-2.0
N_masked_px r_mask_equiv r_mask_max bias_model_to_data bias_circmask amp_raw control_self_data control_self_model null_machinery filter
0 0.0 0.0 1.0 1.0 0.9883540928774853 1.0 1.0 1.0 F187N
5 1.2615662610100802 1.0 1.0299740131638422 1.0299740131638422 1.0179790314679324 1.0 1.0 1.0018867023718419 F187N
6 1.381976597885342 1.4142135623730951 1.0419591492568934 1.0299740131638422 1.0298245897791931 1.0 1.0 1.0015930582821169 F187N
8 1.5957691216057308 1.4142135623730951 1.0293792597275468 1.0612742042617151 1.017391204474917 1.0 1.0 1.0052268228814503 F187N
11 1.8712051592547776 2.0 1.0525625712377933 1.0612742042617151 1.0403045252925227 1.0 1.0 1.0049868498952328 F187N
14 2.111004122822376 2.23606797749979 1.0613141741002212 1.0635705761450192 1.0489542078008416 1.0 1.0 1.0064679488960566 F187N
18 2.393653682408596 2.23606797749979 1.0374821120570443 1.0184131970415817 1.0253996917387576 1.0 1.0 1.0030766848533323 F187N
24 2.763953195770684 3.605551275463989 0.9780978635286044 1.0184131970415817 0.9667070266532203 1.0 1.0 1.0012709859943825 F187N
28 2.985410660720923 3.605551275463989 0.9584415480569307 1.0083589487521363 0.9472796268059005 1.0 1.0 0.9986177504200601 F187N
31 3.141274657157109 3.605551275463989 0.9534524107460005 1.0047555492119924 0.9423485925247149 1.0 1.0 0.9979819272586924 F187N
40 3.5682482323055424 4.123105625617661 0.9390748335121081 1.0103368106900847 0.9281384552199351 1.0 1.0 0.9965111267506934 F187N
50 3.989422804014327 4.47213595499958 0.8910469619679073 1.025628137603182 0.8806699118070302 1.0 1.0 0.9902138501676029 F187N
52 4.068428945128219 4.47213595499958 0.9047522261605244 1.0354598706602522 0.8942155657657705 1.0 1.0 0.992029709984331 F187N
68 4.652426491681278 5.0990195135927845 1.0079867941716454 1.0252559266761865 0.996247873586001 1.0 1.0 0.9982070593058389 F187N
88 5.292567428401227 8.246211251235321 0.9091904179579006 1.0002630917048911 0.8986020707936826 1.0 1.0 1.0035149437794677 F187N
113 5.997417539138688 9.433981132056603 0.860118837959622 0.9916847952068558 0.8501019738584189 1.0 1.0 0.9949508797525526 F187N
114 6.023896332520351 9.433981132056603 0.8568807153863766 0.9870402626791924 0.8469015621599129 1.0 1.0 0.9967249497628884 F187N
148 6.863662517577698 10.295630140987 0.8175021202742562 0.973991860275698 0.8079815665090834 1.0 1.0 0.9956098450354631 F187N
192 7.817640190446719 17.4928556845359 0.7322367165481009 0.958567418334445 0.7237091557554866 1.0 1.0 0.9997138825882617 F187N
201 7.998767850296815 17.4928556845359 0.708482134849223 0.958567418334445 0.700231217708808 1.0 1.0 0.9975168382546546 F187N
249 8.902761462589227 49.03060268852505 0.6356281050179268 0.8269591314584602 0.628225639142428 1.0 1.0 0.9902724681369942 F187N
323 10.139728459745083 49.040799340956916 0.5535020998072919 0.7091393110624007 0.5470560657608193 1.0 1.0 0.9819940189183187 F187N
419 11.54867275105708 49.9799959983992 0.4892007450538266 0.6885016816641862 0.48350355861266475 1.0 1.0 0.9878714181451915 F187N
452 11.994835078277376 49.9799959983992 0.4706066022777206 0.6912676300711945 0.46512596149635205 1.0 1.0 0.9867802076772498 F187N
544 13.159049284959082 49.9799959983992 0.43015896959059374 0.6881052022859953 0.42514937818282506 1.0 1.0 0.9777669197955211 F187N
706 14.99088988838742 49.9799959983992 0.35316948907844903 0.6962413021394371 0.34905651001013543 1.0 1.0 0.9931270363437404 F187N
915 17.06615205188822 50.0 0.2750707393605632 0.6690350019604623 0.2718672910778486 1.0 1.0 0.9945303938042767 F187N
1188 19.44613444328572 50.0 0.1861451695218183 0.5807788826485056 0.18397734016626247 1.0 1.0 0.9889070280335122 F187N
1541 22.147585299739145 50.0 0.048839568114189436 0.736137082653351 0.04827078704002786 1.0 1.0 1.0066460897436686 F187N
2000 25.2313252202016 50.0 -0.10351435187208718 1.047087431040038 -0.10230883334433756 1.0 1.0 0.991197646538022 F187N
