scripts/analysis/wing_calibration/calcurves/calcurve_f150w.ecsv
# %ECSV 1.0
# ---
# datatype:
# - {name: N_masked_px, datatype: int64}
# - {name: r_mask_equiv, datatype: float64}
# - {name: r_mask_max, datatype: float64}
# - {name: bias_model_to_data, datatype: float64}
# - {name: bias_circmask, datatype: float64}
# - {name: amp_raw, datatype: float64}
# - {name: control_self_data, datatype: float64}
# - {name: control_self_model, datatype: float64}
# - {name: null_machinery, datatype: float64}
# - {name: filter, datatype: string}
# meta: !!omap
# - {filter: F150W}
# - {field_det: M92 nrca1}
# - {n_stars: 812}
# - {source_stack: /blue/adamginsburg/adamginsburg/tmp/claude-3663/-blue-adamginsburg-adamginsburg-repos-jwst-gc-pipeline/d046d21c-902e-4ed6-b230-4b20ac93f54c/scratchpad/agent_globular/wingratio_m92_nrca1_f150w.npz}
# - {fit_region_radius_px: 50.0}
# - {amp_unmasked: 1.0898173731274319}
# - {bias_def: 'LSQ amplitude of STPSF-model stack fit to empirical stack with inner N brightest px masked, divided by the unmasked amplitude.
#     >1 = flux overestimated.'}
# - {r_mask_equiv_def: 'sqrt(N_masked/pi) [px]'}
# - {r_mask_max_def: 'largest radius among masked px [px]'}
# - {bias_circmask_def: same fit but masking the circle r < r_mask_equiv instead of the N brightest px (star-fit-experiment geometry)}
# - {controls: 'control_self_* = same-mask self-fit (==1 validates machinery); null_machinery = model+ERR-noise stack pushed through identical
#     stacking, fit vs model, normalized to its unmasked amp (brick only)'}
# schema: astropy-2.0
N_masked_px r_mask_equiv r_mask_max bias_model_to_data bias_circmask amp_raw control_self_data control_self_model null_machinery filter
0 0.0 0.0 1.0 1.0 1.0898173731274319 1.0 1.0 nan F150W
5 1.2615662610100802 1.0 0.932122521355577 0.932122521355577 1.0158433176566535 1.0 1.0 nan F150W
6 1.381976597885342 1.4142135623730951 0.8775503671384616 0.932122521355577 0.9563696359018516 1.0 1.0 nan F150W
8 1.5957691216057308 1.4142135623730951 0.8097819678802771 0.9031336606457092 0.882514457041246 1.0 1.0 nan F150W
11 1.8712051592547776 2.0 0.8631579838229013 0.9031336606457092 0.9406845665238447 1.0 1.0 nan F150W
14 2.111004122822376 2.23606797749979 0.8979644794568583 0.9064327641018046 0.978617290163415 1.0 1.0 nan F150W
18 2.393653682408596 2.23606797749979 0.8500474222294524 0.862655020528462 0.9263964487278468 1.0 1.0 nan F150W
24 2.763953195770684 3.1622776601683795 0.8359136688497065 0.862655020528462 0.9109932387471011 1.0 1.0 nan F150W
28 2.985410660720923 3.1622776601683795 0.8524043832449668 0.8574750030656438 0.9289651057903384 1.0 1.0 nan F150W
31 3.141274657157109 3.1622776601683795 0.7900833043805799 0.8100735489731473 0.8610465113318848 1.0 1.0 nan F150W
40 3.5682482323055424 3.605551275463989 0.695856048356935 0.7067418995936814 0.7583560106951901 1.0 1.0 nan F150W
50 3.989422804014327 6.082762530298219 0.6546670618604824 0.6798350282249774 0.7134675376298448 1.0 1.0 nan F150W
52 4.068428945128219 6.082762530298219 0.6534922746684172 0.6753812417802859 0.7121872341382046 1.0 1.0 nan F150W
68 4.652426491681278 8.06225774829855 0.6998170692090372 0.718868240099635 0.762672800035131 1.0 1.0 nan F150W
88 5.292567428401227 8.06225774829855 0.6522718388038198 0.7543176803259759 0.7108571819301785 1.0 1.0 nan F150W
113 5.997417539138688 8.06225774829855 0.6145376620030322 0.7640052473555334 0.6697338204920181 1.0 1.0 nan F150W
114 6.023896332520351 8.06225774829855 0.6112180220916541 0.7649510328542454 0.666116019244071 1.0 1.0 nan F150W
148 6.863662517577698 9.0 0.5505421367393093 0.7229097761682741 0.5999903852571975 1.0 1.0 nan F150W
192 7.817640190446719 15.264337522473747 0.525174880705053 0.6557574174437687 0.5723447089224933 1.0 1.0 nan F150W
201 7.998767850296815 15.264337522473747 0.5106650980490677 0.6557574174437687 0.5565316957036973 1.0 1.0 nan F150W
249 8.902761462589227 16.1245154965971 0.48064303047958473 0.5942165599906686 0.5238131248892692 1.0 1.0 nan F150W
323 10.139728459745083 17.0 0.4332865738707847 0.5311516387387002 0.4722032357472435 1.0 1.0 nan F150W
419 11.54867275105708 18.35755975068582 0.36558152929844323 0.46177350046846033 0.3984171019239387 1.0 1.0 nan F150W
452 11.994835078277376 18.35755975068582 0.3450359404536681 0.4539075629893301 0.37602616225976954 1.0 1.0 nan F150W
544 13.159049284959082 19.235384061671343 0.29063949698373454 0.3753028035076546 0.3167439731298917 1.0 1.0 nan F150W
706 14.99088988838742 31.38470965295043 0.21561379030435113 0.284793829957159 0.23497965455953687 1.0 1.0 nan F150W
915 17.06615205188822 32.2490309931942 0.16089541035113003 0.19516072877840587 0.17534661345712874 1.0 1.0 nan F150W
1188 19.44613444328572 33.61547262794322 0.12116567793755569 0.1461046433783492 0.13204846084311136 1.0 1.0 nan F150W
1541 22.147585299739145 47.50789408087881 0.09120056378995939 0.11260427970975731 0.09939195885731432 1.0 1.0 nan F150W
2000 25.2313252202016 49.24428900898052 0.06880062574706666 0.09211131990928548 0.07498011722119174 1.0 1.0 nan F150W
