# r_arcsec Delta_unsat N  (iso unsaturated daophot stars, neighbours removed, per-bin weighted fit)
0.0077 +0.0159 2046
0.0232 +0.0131 2612
0.0387 +0.0207 2568
0.0542 +0.0338 2603
0.0698 +0.0315 2545
0.0852 +0.0298 2432
0.1008 +0.0552 2576
0.1162 +0.0690 2608
0.1395 +0.0978 2610
0.1705 +0.1649 2616
0.2170 +0.1073 2618
0.2790 +0.1460 2617
0.3410 +0.1436 2618
0.4185 -0.0790 2616
0.5115 +0.0247 2617
0.6200 +0.3071 2617
0.7440 +0.8672 2617
0.8680 +1.8740 2618
1.0230 +4.1818 2618
1.2245 +6.1824 2618
1.4415 +10.6394 2618
