frame                                        dx0     dy0     dx1     dy1   nf0   nf1     N0     N1   f1/f0
f150w_nrca1_visit001_vgroup10101_exp0000  -0.063  -0.080  -0.017  +0.032   130   132   2148   2154  1.0003
f150w_nrca1_visit001_vgroup10101_exp0000  -0.030  -0.038  +0.004  +0.028   115   110   2707   2710  1.0005
f150w_nrca1_visit001_vgroup10101_exp0000  -0.167  -0.585  -0.022  +0.034   116   114   1341   1345  1.0006
f150w_nrca1_visit001_vgroup10101_exp0000  -0.044  -0.045  -0.002  +0.040   134   123   2584   2582  0.9995
f150w_nrca2_visit001_vgroup10101_exp0000  -0.028  -0.065  +0.021  -0.006    64    63   2359   2359  0.9993
f150w_nrca2_visit001_vgroup10101_exp0000  -0.025  -0.096  +0.032  -0.025    64    60   1968   1966  1.0000
f150w_nrca2_visit001_vgroup10101_exp0000  -0.018  -0.060  +0.025  -0.011    72    72   2446   2442  1.0000
f150w_nrca2_visit001_vgroup10101_exp0000  -0.040  -0.255  +0.034  -0.004    65    61   1626   1623  0.9995
f150w_nrca3_visit001_vgroup10101_exp0000  -0.120  -0.634  -0.054  +0.059    93    99   1571   1574  0.9997
f150w_nrca3_visit001_vgroup10101_exp0000  -0.057  -0.125  -0.010  +0.034    92    92   2406   2403  1.0000
f150w_nrca3_visit001_vgroup10101_exp0000  -0.097  -0.616  -0.034  +0.051    93    84   1730   1723  0.9998
f150w_nrca3_visit001_vgroup10101_exp0000  -0.023  -0.028  +0.004  +0.047   116   118   3745   3742  0.9989
f150w_nrca4_visit001_vgroup10101_exp0000  -0.054  -0.117  -0.001  +0.008    86    87   2237   2230  1.0000
f150w_nrca4_visit001_vgroup10101_exp0000  -0.030  -0.084  +0.022  -0.006    92    86   2515   2507  0.9955
f150w_nrca4_visit001_vgroup10101_exp0000  -0.041  -0.126  +0.013  -0.002    90    86   2276   2274  1.0000
f150w_nrca4_visit001_vgroup10101_exp0000  -0.039  -0.228  +0.019  +0.008    92    89   1952   1953  0.9993
f150w_nrcb1_visit001_vgroup10101_exp0000  +0.108  -0.611  -0.031  -0.006   208   195   2740   2733  0.9966
f150w_nrcb1_visit001_vgroup10101_exp0000  +0.126  -0.720  -0.016  -0.024   239   224   2585   2576  0.9634
f150w_nrcb1_visit001_vgroup10101_exp0000  +0.116  -0.713  -0.025  -0.025   193   185   2570   2566  1.0007
f150w_nrcb1_visit001_vgroup10101_exp0000  +0.123  -0.321  -0.009  -0.008   246   227   2894   2869  1.0000
f150w_nrcb2_visit001_vgroup10101_exp0000  +0.087  -0.135  -0.009  +0.029   166   168   2506   2509  1.0141
f150w_nrcb2_visit001_vgroup10101_exp0000  +0.101  -0.119  +0.009  +0.017   177   169   2623   2619  0.9980
f150w_nrcb2_visit001_vgroup10101_exp0000  +0.092  -0.114  -0.001  +0.019   146   145   2536   2532  1.0000
f150w_nrcb2_visit001_vgroup10101_exp0000  +0.098  -0.099  +0.008  +0.034   161   158   2629   2631  0.9951
f150w_nrcb3_visit001_vgroup10101_exp0000  +0.065  -0.675  +0.001  +0.007   260   251   2952   2955  1.0000
f150w_nrcb3_visit001_vgroup10101_exp0000  +0.085  -0.681  +0.020  -0.010   278   264   3090   3094  0.9974
f150w_nrcb3_visit001_vgroup10101_exp0000  +0.076  -0.662  +0.015  -0.007   281   260   3207   3203  1.0000
f150w_nrcb3_visit001_vgroup10101_exp0000  +0.084  -0.641  +0.024  +0.007   285   275   3183   3186  0.9991
f150w_nrcb4_visit001_vgroup10101_exp0000  +0.080  -0.040  +0.034  +0.036   157   159   3596   3600  0.9990
f150w_nrcb4_visit001_vgroup10101_exp0000  +0.100  -0.701  +0.031  +0.028   117   116   1846   1840  0.9992
f150w_nrcb4_visit001_vgroup10101_exp0000  +0.091  -0.120  +0.029  +0.028   116   116   2403   2406  0.9975
f150w_nrcb4_visit001_vgroup10101_exp0000  +0.097  -0.086  +0.038  +0.043   146   146   2717   2724  0.9982
total forced dvx0 4690 dvx1 4534 rows dvx0 79688 dvx1 79630
