rotation (arcsec) of each reference relative to F212N, v2+i*v3 sense
filter/pupil      NRCA1   NRCA2   NRCA3   NRCA4   NRCB1   NRCB2   NRCB3   NRCB4
F070W             +6.91  +11.66  +26.14   +3.83  +15.47  -13.59   -0.57   +5.48
F090W             +2.39  +15.63  +23.49   +3.12   +9.34  -14.57   -2.07   +7.26
F115W             -7.21  +23.74  +24.10   -7.57   +1.30   +2.05   +2.37   +2.37
F140M             -6.35  +22.33  +24.37   -6.98   +1.73   +1.11   +1.65   +2.25
F150W             -6.82  +22.76  +24.23   -6.38   +2.00   +0.81   +2.03   +1.97
F150W2             +nan    +nan    +nan    +nan    +nan    +nan    +nan    +nan
F182M             +0.53   +0.31   +0.03   -0.23   +0.40   +0.23   -0.10   -0.67
F187N             +0.16   +0.38   +0.88   -0.19   +0.06   +0.22   -0.19   +0.00
F200W             -8.39  +19.07  +30.86   +1.32   +0.38   +0.32   -0.32   +0.34
F210M             -0.23   +0.43   -0.43   +0.00   +0.44   +0.16   -0.91   -0.25
F212N             +0.00   +0.00   -0.00   +0.00   -0.00   -0.00   +0.00   -0.00
F162M             -5.80  +20.67  +24.76   -7.62   +1.54   +0.19   +1.86   +2.39
F164N             -6.92  +21.15  +24.90   -7.22   +1.94   +0.09   +1.88   +1.73

scale (ppm) relative to F212N
F070W            +143.0  +141.0  +140.0  +131.7   -42.9   -65.7   -57.9   -60.5
F090W             +56.4   +63.9   +47.2   +64.7    -2.6   -25.6   -21.1   -16.1
F115W             +27.0   +35.7   +16.2   +33.1   +23.6    -4.9    -1.2    +0.7
F140M             +21.3   +34.8    +8.9   +31.3   +52.8   +18.7   +28.9   +21.9
F150W             +26.9   +39.8   +15.4   +34.6   +55.0   +20.0   +31.0   +22.4
F150W2             +nan    +nan    +nan    +nan    +nan    +nan    +nan    +nan
F182M             +16.9   +27.1    +5.5   +22.7   +64.3   +38.5   +41.1   +42.3
F187N              -9.5    +7.8   -11.8    +9.2   +30.4    +7.8   +15.6   +10.0
F200W             +70.1   +48.7   +41.3   +26.5   +62.6   +25.0   +37.7   +19.6
F210M             +29.8   +38.3   +20.1   +35.7   +64.0   +37.9   +46.9   +38.7
F212N              -0.0    +0.0    -0.0    +0.0    -0.0    +0.0    +0.0    +0.0
F162M            +210.2  +209.1  +205.9  +216.6  +234.5  +223.9  +236.6  +233.6
F164N            +210.5  +201.6  +207.3  +205.9  +223.7  +232.7  +226.4  +241.4

reference files
F070W              0276    0303    0309    0225    0285    0242    0296    0226
F090W              0265    0236    0229    0197    0214    0264    0240    0220
F115W              0189    0290    0219    0304    0233    0224    0274    0294
F140M              0273    0293    0279    0256    0282    0247    0248    0203
F150W              0192    0232    0251    0267    0315    0212    0204    0207
F150W2             0301    0254    0316    0183    0308    0216    0244    0246
F182M              0185    0262    0215    0210    0266    0181    0261    0299
F187N              0255    0227    0295    0312    0298    0292    0195    0235
F200W              0281    0268    0284    0313    0208    0186    0200    0221
F210M              0191    0201    0231    0194    0243    0239    0275    0202
F212N              0228    0234    0182    0283    0305    0257    0307    0209
F162M              0218    0205    0222    0258    0198    0245    0206    0253
F164N              0196    0263    0237    0288    0287    0291    0187    0286
