frame | DVASHRA* (mas) | DVASHDE (mas) | pred dx | pred dy | meas dx | meas dy
nrca1_00001 | +21.1 | -16.5 | +0.185 | +0.834 | +0.207 | +0.642
nrca1_00002 | +21.1 | -16.5 | +0.185 | +0.835 | +0.146 | +0.551
nrca1_00003 | +21.1 | -16.5 | +0.185 | +0.835 | +0.213 | +0.752
nrca1_00004 | +21.1 | -16.5 | +0.184 | +0.834 | +0.160 | +0.548
nrca2_00001 | +18.9 | -13.9 | +0.192 | +0.738 | +0.066 | +0.428
nrca2_00002 | +18.9 | -13.9 | +0.191 | +0.738 | +0.088 | +0.773
nrca2_00003 | +18.9 | -13.9 | +0.192 | +0.738 | +0.057 | +0.644
nrca2_00004 | +18.9 | -13.9 | +0.191 | +0.738 | +0.078 | +0.731
nrca3_00001 | +18.5 | -18.6 | +0.089 | +0.830 | +0.165 | +0.690
nrca3_00002 | +18.5 | -18.6 | +0.089 | +0.830 | +0.104 | +0.647
nrca3_00003 | +18.5 | -18.6 | +0.089 | +0.830 | +0.152 | +0.695
nrca3_00004 | +18.5 | -18.6 | +0.089 | +0.830 | +0.073 | +0.149
nrca4_00001 | +16.4 | -16.0 | +0.087 | +0.735 | +0.088 | +0.710
nrca4_00002 | +16.4 | -16.0 | +0.087 | +0.735 | +0.059 | +0.725
nrca4_00003 | +16.4 | -16.0 | +0.087 | +0.735 | +0.069 | +0.722
nrca4_00004 | +16.4 | -16.0 | +0.087 | +0.735 | +0.062 | +0.712
nrcb1_00001 | +9.6 | -21.4 | -0.193 | +0.737 | -0.132 | +0.741
nrcb1_00002 | +9.6 | -21.4 | -0.193 | +0.737 | -0.154 | +0.764
nrcb1_00003 | +9.6 | -21.4 | -0.193 | +0.737 | -0.145 | +0.763
nrcb1_00004 | +9.6 | -21.4 | -0.192 | +0.737 | -0.156 | +0.744
nrcb2_00001 | +11.7 | -24.0 | -0.182 | +0.836 | -0.142 | +0.770
nrcb2_00002 | +11.7 | -24.0 | -0.182 | +0.836 | -0.162 | +0.787
nrcb2_00003 | +11.7 | -24.0 | -0.183 | +0.836 | -0.150 | +0.787
nrcb2_00004 | +11.7 | -24.0 | -0.182 | +0.836 | -0.161 | +0.765
nrcb3_00001 | +12.2 | -19.3 | -0.091 | +0.734 | -0.069 | +0.715
nrcb3_00002 | +12.2 | -19.3 | -0.091 | +0.734 | -0.092 | +0.738
nrcb3_00003 | +12.2 | -19.3 | -0.091 | +0.734 | -0.083 | +0.735
nrcb3_00004 | +12.2 | -19.3 | -0.091 | +0.734 | -0.097 | +0.716
nrcb4_00001 | +14.3 | -21.9 | -0.090 | +0.828 | -0.083 | +0.677
nrcb4_00002 | +14.3 | -21.9 | -0.090 | +0.829 | -0.112 | +0.782
nrcb4_00003 | +14.3 | -21.9 | -0.089 | +0.829 | -0.099 | +0.774
nrcb4_00004 | +14.3 | -21.9 | -0.089 | +0.828 | -0.107 | +0.746
median residual meas - pred: dx +0.004 dy -0.049 px; rms 0.052 0.140
