F115W: 32 frames
frame | N free | med dx | med dy | N forced | flux>0 forced
nrca1_visit001_vgroup08101_exp00001 | 25994 | -0.008 | -0.006 | 212 | 212
nrca1_visit001_vgroup08101_exp00002 | 25620 | -0.007 | -0.005 | 212 | 212
nrca1_visit001_vgroup08101_exp00003 | 25615 | -0.010 | -0.006 | 211 | 211
nrca1_visit001_vgroup08101_exp00004 | 25552 | -0.006 | -0.009 | 215 | 215
nrca2_visit001_vgroup08101_exp00001 | 26656 | -0.018 | -0.008 | 212 | 212
nrca2_visit001_vgroup08101_exp00002 | 26497 | -0.016 | -0.004 | 201 | 201
nrca2_visit001_vgroup08101_exp00003 | 26591 | -0.017 | -0.008 | 220 | 220
nrca2_visit001_vgroup08101_exp00004 | 26496 | -0.020 | -0.013 | 198 | 198
nrca3_visit001_vgroup08101_exp00001 | 26594 | -0.008 | -0.012 | 272 | 272
nrca3_visit001_vgroup08101_exp00002 | 26435 | -0.008 | -0.014 | 258 | 258
nrca3_visit001_vgroup08101_exp00003 | 26321 | -0.016 | -0.014 | 287 | 287
nrca3_visit001_vgroup08101_exp00004 | 26541 | -0.014 | -0.013 | 265 | 265
nrca4_visit001_vgroup08101_exp00001 | 26167 | -0.013 | -0.001 | 216 | 216
nrca4_visit001_vgroup08101_exp00002 | 26268 | -0.014 | -0.007 | 222 | 222
nrca4_visit001_vgroup08101_exp00003 | 26284 | -0.013 | -0.003 | 224 | 224
nrca4_visit001_vgroup08101_exp00004 | 26452 | -0.018 | -0.005 | 172 | 172
nrcb1_visit001_vgroup08101_exp00001 | 21730 | -0.008 | +0.012 | 551 | 551
nrcb1_visit001_vgroup08101_exp00002 | 21580 | -0.011 | +0.011 | 558 | 558
nrcb1_visit001_vgroup08101_exp00003 | 21801 | -0.004 | +0.016 | 575 | 575
nrcb1_visit001_vgroup08101_exp00004 | 21454 | -0.013 | +0.007 | 557 | 557
nrcb2_visit001_vgroup08101_exp00001 | 25316 | -0.008 | -0.020 | 311 | 311
nrcb2_visit001_vgroup08101_exp00002 | 25337 | -0.008 | -0.014 | 280 | 280
nrcb2_visit001_vgroup08101_exp00003 | 25331 | -0.012 | -0.014 | 300 | 300
nrcb2_visit001_vgroup08101_exp00004 | 25200 | -0.013 | -0.018 | 257 | 257
nrcb3_visit001_vgroup08101_exp00001 | 18725 | -0.027 | +0.011 | 728 | 728
nrcb3_visit001_vgroup08101_exp00002 | 18876 | -0.039 | +0.015 | 681 | 681
nrcb3_visit001_vgroup08101_exp00003 | 18915 | -0.033 | +0.016 | 739 | 739
nrcb3_visit001_vgroup08101_exp00004 | 19070 | -0.035 | +0.005 | 683 | 683
nrcb4_visit001_vgroup08101_exp00001 | 25481 | -0.045 | -0.017 | 244 | 244
nrcb4_visit001_vgroup08101_exp00002 | 25404 | -0.046 | -0.007 | 273 | 273
nrcb4_visit001_vgroup08101_exp00003 | 25538 | -0.047 | -0.009 | 234 | 234
nrcb4_visit001_vgroup08101_exp00004 | 25403 | -0.052 | -0.010 | 249 | 249
