
### F250M: 28 stars, 104 frame rows

Per-star table (median over the frame rows): ref, dm(final), dm(H+cap), sat_area, nsat (own SATURATED px), g0-sat fraction, rim px near, a_raw/a_cat (cap binding), cap_H/a_H, nfit, nrim_fit, rim px with g0>ceiling

| istar | ref | dm final | dm H+cap | sat_area | nsat | f_g0sat | n_rim | a_raw/a_cat | cap_H/a_H | nfit | nrim_fit | frac rim g0>ceil | qfit | nrows |
|---|---|---|---|---|---|---|---|---|---|---|---|---|---|---|
| 1019 | 12.825 | -0.994 | -1.019 | 121 | 121 | 0.14 | 287 | 1.000 | nan | 6299 | 1652 | 0.00 | 3.370 | 1 |
| 1014 | 12.701 | +0.621 | +0.563 | 154 | 154 | 0.10 | 161 | 0.308 | 0.320 | 6442 | 432 | 0.00 | 1.033 | 4 |
| 1016 | 12.738 | +0.268 | +0.209 | 136 | 136 | 0.12 | 132 | 0.776 | 0.792 | 6366 | 115 | 0.01 | 0.130 | 4 |
| 519 | 12.640 | +0.234 | +0.174 | 138 | 138 | 0.11 | 131 | 0.792 | 0.807 | 6448 | 83 | 0.00 | 0.045 | 3 |
| 348 | 12.973 | +0.225 | +0.167 | 114 | 114 | 0.12 | 124 | 0.743 | 0.751 | 6520 | 146 | 0.01 | 0.485 | 4 |
| 198 | 12.782 | +0.212 | +0.166 | 138 | 138 | 0.11 | 136 | 0.930 | 0.945 | 6488 | 147 | 0.01 | 0.643 | 4 |
| 1021 | 12.818 | +0.163 | +0.106 | 123 | 123 | 0.10 | 122 | 0.818 | 0.834 | 6426 | 149 | 0.01 | 0.316 | 4 |
| 1024 | 12.923 | +0.162 | +0.104 | 70 | 70 | 0.16 | 232 | 0.900 | 0.904 | 6516 | 530 | 0.00 | 2.308 | 1 |
| 299 | 12.918 | -0.046 | -0.103 | 118 | 118 | 0.12 | 120 | 0.873 | 0.815 | 6484 | 89 | 0.00 | 0.221 | 4 |
| 1013 | 12.591 | +0.160 | +0.099 | 84 | 84 | 0.19 | 80 | 0.898 | 0.909 | 6542 | 140 | 0.02 | 0.426 | 4 |
| 1022 | 12.913 | +0.157 | +0.099 | 81 | 81 | 0.14 | 80 | 0.868 | 0.880 | 6492 | 80 | 0.00 | 0.228 | 4 |
| 1023 | 12.927 | +0.157 | +0.099 | 114 | 114 | 0.14 | 113 | 0.853 | 0.862 | 6460 | 165 | 0.01 | 0.589 | 4 |
| 1017 | 12.777 | +0.138 | +0.087 | 78 | 78 | 0.14 | 78 | 0.917 | 0.877 | 6546 | 256 | 0.01 | 1.548 | 4 |
| 249 | 12.708 | +0.144 | +0.086 | 96 | 96 | 0.16 | 100 | 0.854 | 0.874 | 6444 | 150 | 0.02 | 0.353 | 4 |
| 1026 | 12.959 | +0.136 | +0.076 | 74 | 74 | 0.13 | 74 | 0.892 | 0.901 | 6560 | 142 | 0.00 | 0.899 | 4 |
| 1028 | 12.981 | -0.022 | -0.071 | 112 | 112 | 0.12 | 110 | 0.944 | 0.861 | 6474 | 154 | 0.01 | 0.529 | 4 |
| 1015 | 12.720 | +0.127 | +0.069 | 154 | 154 | 0.13 | 150 | 0.776 | 0.800 | 6504 | 197 | 0.00 | 0.453 | 4 |
| 201 | 12.944 | +0.122 | +0.062 | 109 | 109 | 0.12 | 109 | 0.866 | 0.872 | 6530 | 318 | 0.01 | 1.096 | 4 |
| 234 | 12.901 | +0.108 | +0.052 | 126 | 126 | 0.10 | 129 | 0.960 | 0.966 | 6544 | 648 | 0.01 | 2.884 | 4 |
| 1027 | 12.953 | +0.108 | +0.047 | 124 | 124 | 0.11 | 156 | 0.943 | 0.944 | 6558 | 691 | 0.01 | 3.770 | 3 |
| 999 | 12.936 | +0.102 | +0.043 | 136 | 136 | 0.09 | 135 | 0.871 | 0.882 | 6530 | 135 | 0.01 | 0.442 | 4 |
| 1020 | 12.864 | +0.020 | -0.039 | 118 | 118 | 0.11 | 122 | 0.854 | 0.863 | 6510 | 363 | 0.00 | 1.032 | 4 |
| 194 | 12.801 | +0.095 | +0.038 | 132 | 132 | 0.12 | 136 | 0.824 | 0.848 | 6525 | 566 | 0.01 | 1.800 | 4 |
| 209 | 12.995 | +0.084 | +0.027 | 112 | 112 | 0.11 | 166 | 0.913 | 0.927 | 6515 | 170 | 0.01 | 0.447 | 4 |
| 1012 | 12.396 | +0.078 | +0.020 | 102 | 102 | 0.17 | 122 | 0.759 | 0.784 | 6494 | 250 | 0.00 | 0.377 | 4 |
| 1018 | 12.821 | +0.071 | +0.015 | 121 | 121 | 0.11 | 132 | 0.814 | 0.834 | 6532 | 207 | 0.01 | 0.652 | 4 |
| 195 | 12.803 | +0.073 | +0.014 | 70 | 70 | 0.18 | 67 | 0.910 | 0.908 | 6556 | 156 | 0.01 | 0.446 | 4 |
| 298 | 12.889 | +0.069 | +0.013 | 125 | 125 | 0.10 | 125 | 0.876 | 0.884 | 6465 | 126 | 0.01 | 0.335 | 4 |

Spearman rho (p) of dm vs property, excluding stars with |dm_H+cap| > 0.5 as outliers noted separately:
(n = 26 of 28; outliers removed: [(1014, 0.56), (1019, -1.02)])

| property | rho vs dm_H+cap (p) | rho vs dm_final (p) | rho vs dm_uncapped (p) |
|---|---|---|---|
| ref | -0.25 (0.21) | -0.25 (0.22) | +0.07 (0.73) |
| sat_area | +0.09 (0.68) | +0.08 (0.71) | -0.18 (0.38) |
| nsat | +0.09 (0.68) | +0.08 (0.71) | -0.18 (0.38) |
| sat_frac_g0 | +0.10 (0.64) | +0.11 (0.59) | +0.04 (0.86) |
| n_zfdeep | -0.19 (0.35) | -0.21 (0.31) | -0.51 (0.01) |
| n_rim_near | +0.07 (0.73) | +0.07 (0.75) | +0.03 (0.88) |
| rimabove_frac | +0.11 (0.60) | +0.10 (0.62) | +0.19 (0.36) |
| core_above_frac | -0.09 (0.68) | -0.08 (0.68) | -0.22 (0.28) |
| g0max_core | -0.01 (0.97) | -0.01 (0.97) | -0.40 (0.04) |
| capbind | -0.25 (0.22) | -0.25 (0.22) | +0.61 (0.00) |
| capH_ratio | -0.07 (0.73) | -0.06 (0.76) | +0.72 (0.00) |
| nfit | -0.23 (0.26) | -0.24 (0.25) | +0.25 (0.22) |
| nrim_fit | -0.28 (0.17) | -0.28 (0.16) | +0.04 (0.85) |
| qfit | -0.15 (0.45) | -0.17 (0.41) | +0.28 (0.16) |
| our_qfit | -0.25 (0.22) | -0.25 (0.22) | -0.17 (0.40) |
| ecsv_sep_mas | +0.25 (0.21) | +0.25 (0.22) | +0.06 (0.78) |
| amp | -0.27 (0.18) | -0.27 (0.19) | -0.42 (0.03) |

Medians: dm_final=0.125, dm_H+cap=0.065, dm_H+bgfree+cap=0.072, dm_uncapped=-0.029
Medians of frame-level diagnostics: sat_area=118, nsat=118, sat_frac_g0=0.12, n_zfdeep=0, n_rim_near=124, capbind=0.87, rimabove_frac=0.008, core_above_frac=0.00939, g0max_core=4.34e+04, ceiling=4.19e+04, curve_top=3.54e+03

### F300M: 19 stars, 72 frame rows

Per-star table (median over the frame rows): ref, dm(final), dm(H+cap), sat_area, nsat (own SATURATED px), g0-sat fraction, rim px near, a_raw/a_cat (cap binding), cap_H/a_H, nfit, nrim_fit, rim px with g0>ceiling

| istar | ref | dm final | dm H+cap | sat_area | nsat | f_g0sat | n_rim | a_raw/a_cat | cap_H/a_H | nfit | nrim_fit | frac rim g0>ceil | qfit | nrows |
|---|---|---|---|---|---|---|---|---|---|---|---|---|---|---|
| 1126 | 12.920 | +0.438 | +0.395 | 170 | 170 | 0.12 | 224 | 0.643 | 0.677 | 6518 | 892 | 0.01 | 3.323 | 2 |
| 1058 | 12.732 | +0.286 | +0.243 | 155 | 155 | 0.12 | 146 | 0.781 | 0.816 | 6373 | 110 | 0.00 | 0.272 | 4 |
| 258 | 12.846 | +0.249 | +0.204 | 138 | 138 | 0.12 | 210 | 0.734 | 0.751 | 6512 | 186 | 0.00 | 0.453 | 4 |
| 1120 | 12.709 | +0.191 | +0.167 | 102 | 102 | 0.17 | 111 | 0.723 | 0.754 | 6494 | 360 | 0.00 | 1.055 | 4 |
| 1123 | 12.800 | +0.194 | +0.150 | 102 | 102 | 0.13 | 102 | 0.851 | 0.856 | 6494 | 102 | 0.00 | 0.240 | 4 |
| 263 | 12.960 | +0.150 | +0.106 | 146 | 146 | 0.09 | 182 | 0.885 | 0.885 | 6546 | 942 | 0.01 | 3.163 | 4 |
| 1109 | 12.989 | +0.145 | +0.100 | 144 | 144 | 0.12 | 227 | 0.801 | 0.807 | 6559 | 486 | 0.00 | 1.429 | 4 |
| 368 | 12.956 | +0.143 | +0.099 | 93 | 93 | 0.12 | 93 | 0.853 | 0.857 | 6524 | 231 | 0.00 | 1.181 | 4 |
| 788 | 12.949 | +0.117 | +0.074 | 88 | 88 | 0.15 | 85 | 0.886 | 0.892 | 6525 | 134 | 0.01 | 0.417 | 4 |
| 1107 | 12.976 | +0.116 | +0.072 | 88 | 88 | 0.15 | 122 | 0.947 | 0.950 | 6561 | 184 | 0.00 | 0.992 | 3 |
| 1110 | 12.996 | +0.108 | +0.065 | 142 | 142 | 0.08 | 142 | 0.803 | 0.815 | 6524 | 142 | 0.01 | 0.238 | 4 |
| 1127 | 12.870 | +0.103 | +0.060 | 138 | 138 | 0.13 | 135 | 0.882 | 0.891 | 6482 | 226 | 0.01 | 0.699 | 4 |
| 259 | 12.997 | +0.103 | +0.058 | 120 | 120 | 0.12 | 144 | 0.935 | 0.937 | 6484 | 162 | 0.01 | 0.451 | 3 |
| 1124 | 12.840 | +0.098 | +0.054 | 150 | 150 | 0.13 | 149 | 0.918 | 0.922 | 6462 | 251 | 0.01 | 0.839 | 4 |
| 1122 | 12.724 | -0.028 | -0.048 | 150 | 150 | 0.11 | 184 | 0.883 | 0.929 | 6480 | 498 | 0.00 | 1.024 | 4 |
| 367 | 12.829 | +0.091 | +0.047 | 146 | 146 | 0.10 | 137 | 0.830 | 0.849 | 6443 | 214 | 0.00 | 0.696 | 4 |
| 1121 | 12.778 | +0.005 | -0.038 | 146 | 146 | 0.11 | 160 | 0.798 | 0.817 | 6504 | 234 | 0.00 | 0.583 | 4 |
| 1129 | 12.983 | +0.082 | +0.038 | 113 | 113 | 0.13 | 113 | 0.879 | 0.885 | 6526 | 427 | 0.01 | 1.388 | 4 |
| 1130 | 12.992 | +0.071 | +0.027 | 122 | 122 | 0.12 | 122 | 0.900 | 0.905 | 6547 | 238 | 0.01 | 0.669 | 4 |

Spearman rho (p) of dm vs property, excluding stars with |dm_H+cap| > 0.5 as outliers noted separately:
(n = 19 of 19; outliers removed: [])

| property | rho vs dm_H+cap (p) | rho vs dm_final (p) | rho vs dm_uncapped (p) |
|---|---|---|---|
| ref | -0.13 (0.60) | -0.12 (0.62) | +0.31 (0.19) |
| sat_area | +0.00 (0.99) | +0.00 (0.99) | -0.34 (0.16) |
| nsat | +0.00 (0.99) | +0.00 (0.99) | -0.34 (0.16) |
| sat_frac_g0 | +0.21 (0.38) | +0.21 (0.40) | +0.19 (0.45) |
| n_zfdeep | +0.08 (0.76) | +0.05 (0.84) | -0.61 (0.01) |
| n_rim_near | +0.08 (0.74) | +0.08 (0.74) | -0.31 (0.20) |
| rimabove_frac | -0.15 (0.54) | -0.14 (0.57) | +0.15 (0.54) |
| core_above_frac | -0.05 (0.82) | -0.08 (0.74) | -0.55 (0.02) |
| g0max_core | -0.20 (0.41) | -0.22 (0.37) | -0.68 (0.00) |
| capbind | -0.53 (0.02) | -0.51 (0.02) | +0.68 (0.00) |
| capH_ratio | -0.62 (0.01) | -0.61 (0.01) | +0.60 (0.01) |
| nfit | +0.06 (0.80) | +0.06 (0.80) | +0.08 (0.76) |
| nrim_fit | -0.14 (0.56) | -0.16 (0.50) | -0.46 (0.05) |
| qfit | +0.07 (0.79) | +0.05 (0.85) | -0.25 (0.30) |
| our_qfit | -0.28 (0.24) | -0.27 (0.27) | -0.31 (0.20) |
| ecsv_sep_mas | +0.15 (0.53) | +0.15 (0.54) | -0.24 (0.31) |
| amp | -0.49 (0.03) | -0.50 (0.03) | -0.21 (0.38) |

Medians: dm_final=0.116, dm_H+cap=0.072, dm_H+bgfree+cap=0.074, dm_uncapped=-0.044
Medians of frame-level diagnostics: sat_area=139, nsat=139, sat_frac_g0=0.118, n_zfdeep=0, n_rim_near=140, capbind=0.866, rimabove_frac=0.00551, core_above_frac=0.0106, g0max_core=4.35e+04, ceiling=4.19e+04, curve_top=3.54e+03
