nrca1 exp00001: fraction of dolphot stars with a per-frame row within 1.5 px (n dolphot)
band  phase rows           10-16         16-18         18-20         20-22         22-24         24-26
F115W m6    1155   0.00 (   3)   0.36 (  22)   0.85 (  60)   0.99 ( 143)   0.98 ( 146)   0.97 ( 127)
F115W m7   50917   0.00 (   3)   0.00 (  22)   0.62 (  60)   1.00 ( 143)   0.99 ( 146)   0.97 ( 127)
F150W m6    2515   0.00 (   9)   0.00 (  46)   0.78 ( 115)   0.98 ( 201)   1.00 ( 206)   0.92 ( 252)
F150W m7    2095   0.00 (   9)   0.00 (  46)   0.82 ( 115)   1.00 ( 201)   1.00 ( 206)   0.90 ( 252)
F162M m6    1329   0.00 (  17)   0.62 (  60)   0.99 ( 136)   0.99 ( 225)   0.99 ( 248)   0.39 ( 260)
F162M m7   18976   0.00 (  17)   0.38 (  60)   0.99 ( 136)   1.00 ( 225)   1.00 ( 248)   0.70 ( 260)
F182M m6    1269   0.00 (  20)   0.55 (  73)   1.00 ( 155)   0.99 ( 262)   0.95 ( 291)   0.36 ( 240)
F182M m7   20486   0.00 (  20)   0.38 (  73)   1.00 ( 155)   1.00 ( 262)   0.96 ( 291)   0.62 ( 240)
F200W m6    1321   0.00 (  24)   0.34 (  83)   1.00 ( 170)   1.00 ( 294)   0.97 ( 307)   0.47 ( 244)
F200W m7   15765   0.00 (  24)   0.19 (  83)   0.99 ( 170)   0.99 ( 294)   0.96 ( 307)   0.67 ( 244)
F212N m6    1794   0.88 (  32)   0.99 (  89)   0.98 ( 197)   0.94 ( 305)   0.13 ( 180)     -        
F212N m7   12399   0.78 (  32)   1.00 (  89)   0.99 ( 197)   1.00 ( 305)   0.84 ( 180)     -        
nrcb3 exp00001: fraction of dolphot stars with a per-frame row within 1.5 px (n dolphot)
band  phase rows           10-16         16-18         18-20         20-22         22-24         24-26
F115W m6    4862   0.00 (  60)   0.40 ( 288)   0.90 ( 892)   0.99 ( 721)   0.98 ( 338)   0.75 ( 341)
F115W m7   36992   0.00 (  60)   0.00 ( 288)   0.72 ( 892)   0.99 ( 721)   0.96 ( 338)   0.87 ( 341)
F150W m6    5339   0.00 ( 156)   0.00 ( 725)   0.71 ( 928)   0.95 ( 438)   0.90 ( 494)   0.54 ( 460)
F150W m7    3529   0.00 ( 156)   0.01 ( 725)   0.76 ( 928)   0.96 ( 438)   0.86 ( 494)   0.46 ( 460)
F162M m6    5458   0.01 ( 290)   0.67 ( 918)   0.99 ( 789)   0.94 ( 460)   0.74 ( 531)   0.22 ( 309)
F162M m7   18057   0.00 ( 290)   0.40 ( 918)   0.98 ( 789)   0.92 ( 460)   0.74 ( 531)   0.51 ( 309)
F182M m6    4104   0.01 ( 368)   0.61 ( 961)   0.99 ( 722)   0.94 ( 497)   0.66 ( 484)   0.05 ( 138)
F182M m7   14837   0.00 ( 368)   0.36 ( 961)   0.98 ( 722)   0.93 ( 497)   0.73 ( 484)   0.36 ( 138)
F200W m6    3333   0.01 ( 365)   0.34 ( 979)   0.98 ( 705)   0.95 ( 484)   0.76 ( 433)   0.08 ( 143)
F200W m7   10229   0.00 ( 365)   0.10 ( 979)   0.98 ( 705)   0.94 ( 484)   0.78 ( 433)   0.22 ( 143)
F212N m6    6459   0.85 ( 516)   1.00 (1030)   0.99 ( 610)   0.80 ( 459)   0.07 ( 155)     -        
F212N m7   13357   0.78 ( 516)   0.99 (1030)   0.98 ( 610)   0.95 ( 459)   0.60 ( 155)     -        
