scripts/analysis/wing_calibration/calcurves_deep_m92/calcurves_deep_m92_all.ecsv
# %ECSV 1.0
# ---
# datatype:
# - {name: r_mask, datatype: float64}
# - {name: bias_ann, datatype: float64}
# - {name: bias_ann_noblob, datatype: float64}
# - {name: bias_prodwin, datatype: float64}
# - {name: bias_prodwin_noblob, datatype: float64}
# - {name: frame_scatter, datatype: float64}
# - {name: err, datatype: float64}
# - {name: filter, datatype: string}
# - {name: detector, datatype: string}
# meta: !!omap
# - {note: see per-config calcurve_deep_<filt>_<det>.ecsv}
# - {bias_def: 'C(r_mask) = uniform-weight LSQ amplitude of the STPSF-model stack fit to the empirical stack with the circle r < r_mask
#     masked, divided by the unmasked amplitude.  >1 = masked-core (satstar) flux overestimated.'}
# - {flavors: 'ann: fit region r_mask<=r<=50 px; prodwin: production _wing_selfcal window (square half-width min(2r+10,50)) normalized
#     by unmasked 11x11 core fit; *_noblob: OPD phantom-blob circle (+25,-25) r<14 px excluded from the fit'}
# schema: astropy-2.0
r_mask bias_ann bias_ann_noblob bias_prodwin bias_prodwin_noblob frame_scatter err filter detector
0.0 1.0 1.0 1.0000100597479535 1.0000100597479535 0.0 0.0 F090W nrca1
2.0 0.8314067442592672 0.8356720056190353 0.8353534970270238 0.8353534970270238 0.008282765056963392 0.004141382528481696 F090W nrca1
3.0 0.8050880768275828 0.8280992403895446 0.8269636986279832 0.8269620241092187 0.009782220885719792 0.004891110442859896 F090W nrca1
4.0 0.8895891436231118 0.9530353810527868 0.9518784753579084 0.951860472153882 0.009460366078995813 0.0047301830394979065 F090W nrca1
5.0 0.8837032561935979 1.0098759226887033 1.0086538963086444 1.0086373677551048 0.00504784501917382 0.00252392250958691 F090W nrca1
6.0 0.8518956643505619 1.03413811500906 1.0328380950555434 1.0329714043517713 0.005112261030071079 0.0025561305150355396 F090W nrca1
7.0 0.824237458064954 1.0504928068567607 1.045519739410291 1.0496294573662077 0.005779573055483267 0.0028897865277416335 F090W nrca1
8.0 0.7894852877414066 1.1289066801602026 1.0058767982145311 1.1287835752293764 0.005171685836963329 0.0025858429184816645 F090W nrca1
9.0 0.6808212174654921 1.198448673885962 0.7558463775116631 1.1998161961831737 0.005229423146293169 0.0026147115731465845 F090W nrca1
10.0 0.5494036004381504 1.232070339884511 0.5808573470866512 1.236114892350174 0.003816893882308407 0.0019084469411542035 F090W nrca1
11.0 0.4229191944820604 1.2365381161332316 0.432489707554111 1.2444827166334422 0.004713700755539326 0.002356850377769663 F090W nrca1
12.0 0.3465153686921459 1.2420321409653827 0.34530043734744004 1.2545541995758789 0.011043460419437608 0.005521730209718804 F090W nrca1
14.0 0.2387164847614941 1.2607992938348223 0.23586369699795243 1.2728498546517575 0.01794729519194944 0.00897364759597472 F090W nrca1
16.0 0.179043712699349 1.307284340192247 0.17776056342817134 1.3052008226161613 0.02183035077279917 0.010915175386399585 F090W nrca1
18.0 0.13285690986656948 1.3172697126295514 0.13250852509824224 1.3151876297291865 0.020987124679130966 0.010493562339565483 F090W nrca1
20.0 0.09544949462077704 1.2712249868119192 0.09543881579549553 1.2712528970983734 0.022414531638082495 0.011207265819041247 F090W nrca1
22.0 0.07403024550569445 1.2581552518752581 0.07402196305160244 1.2581828752101105 0.02963010742286856 0.01481505371143428 F090W nrca1
24.0 0.06155929027213207 1.2529395072479137 0.06155240306012658 1.2529670160688695 0.02922695283706222 0.01461347641853111 F090W nrca1
25.0 0.056662268729890324 1.2435770360944562 0.056655929393362406 1.2436043393583673 0.02750503860762939 0.013752519303814695 F090W nrca1
26.0 0.05213788353356428 1.2303639695985438 0.0521320503822101 1.2303909827639476 0.025039511124712817 0.012519755562356408 F090W nrca1
0.0 1.0 1.0 0.999907691774927 0.999907691774927 0.0 0.0 F150W nrca1
2.0 0.9006774826611182 0.9036537321651874 0.9034408614784506 0.9034408614784506 0.007441185462717975 0.0037205927313589877 F150W nrca1
3.0 0.8571506900135184 0.8688535296408033 0.8683776299598996 0.8683751831707827 0.007656219413878619 0.0038281097069393093 F150W nrca1
4.0 0.6800527071642202 0.7142810087729 0.712436748720009 0.7123788987713064 0.003724509708900273 0.0018622548544501365 F150W nrca1
5.0 0.7199366605084411 0.785362084138275 0.7835238936024936 0.7834148895555182 0.003996891668971171 0.0019984458344855854 F150W nrca1
6.0 0.7659183241691114 0.8828306540400408 0.8813223666489638 0.8815540362697271 0.0032035765691598526 0.0016017882845799263 F150W nrca1
7.0 0.7253561544003898 0.9402517342522048 0.9240138272978704 0.9399074768998188 0.005894228787998334 0.002947114393999167 F150W nrca1
8.0 0.6585563112326985 0.9707911060693394 0.8405657449221743 0.9723401201819967 0.005360697615258796 0.002680348807629398 F150W nrca1
9.0 0.5867649370415584 0.9702204146230786 0.6560805683228871 0.973987547539984 0.005500362867178916 0.002750181433589458 F150W nrca1
10.0 0.5503450898881035 0.9759680168129014 0.5661341847445882 0.981831605605091 0.005546612226777777 0.0027733061133888887 F150W nrca1
11.0 0.5011935542150192 0.9817697287859354 0.5072836657646885 0.9904605636862683 0.006203258969491678 0.003101629484745839 F150W nrca1
12.0 0.4566558652048194 1.0019020836738393 0.4605036942548753 1.0146733701868262 0.008095738451709675 0.004047869225854837 F150W nrca1
14.0 0.33922833907927213 1.0747798009374037 0.3357803518518128 1.0913526560367854 0.008488577762839981 0.0042442888814199905 F150W nrca1
16.0 0.241177996030528 1.0848871099494637 0.23904525832714252 1.0822114086958181 0.009103374406419524 0.004551687203209762 F150W nrca1
18.0 0.18130505071554337 1.0615047855317283 0.18063874327799553 1.0599146262169672 0.006721992143153356 0.003360996071576678 F150W nrca1
20.0 0.1416240754681066 1.0443147040347978 0.14159345140837448 1.0442176589661598 0.005538318680852052 0.002769159340426026 F150W nrca1
22.0 0.1166342525724316 1.014947038305804 0.11660903218313137 1.0148527222872554 0.006299974847946796 0.003149987423973398 F150W nrca1
24.0 0.10067030323376971 0.9896759190802435 0.10064853480654934 0.9895839514318657 0.007069443546572338 0.003534721773286169 F150W nrca1
25.0 0.09452653821874192 0.9827411920363722 0.09450609828758536 0.9826498688116143 0.007279792505749102 0.003639896252874551 F150W nrca1
26.0 0.08919298339725436 0.9749263530902832 0.08917369676648756 0.9748357560753345 0.008188957023486263 0.004094478511743132 F150W nrca1
0.0 1.0 1.0 0.9999947997685786 0.9999947997685786 0.0 0.0 F090W nrca2
2.0 0.8061649133273461 0.8102114225840119 0.8099101960956536 0.8099101960956536 0.01617863727864145 0.008089318639320725 F090W nrca2
3.0 0.7931672214304081 0.8150232686652754 0.8139812207473468 0.8139810060040769 0.010133343335194698 0.005066671667597349 F090W nrca2
4.0 0.8633872395619626 0.9197884129124448 0.918717759570671 0.9187175300059871 0.011759676372776185 0.0058798381863880925 F090W nrca2
5.0 0.8490959292865611 0.961181276438176 0.9597881336371407 0.9598303913535289 0.009195153125967285 0.004597576562983642 F090W nrca2
6.0 0.828906523460289 1.0001994229209283 0.9985225564380824 0.9987714978799457 0.009152888901772906 0.004576444450886453 F090W nrca2
7.0 0.8071817104454541 1.0201955007506718 1.0166727742714725 1.018882115730047 0.009121622574729704 0.004560811287364852 F090W nrca2
8.0 0.7764601243635784 1.090891237580212 1.009195530791258 1.0899180111290696 0.010072079921940572 0.005036039960970286 F090W nrca2
9.0 0.6739840374663986 1.1483967591642747 0.7654393060187492 1.1478842742417674 0.010214793670988218 0.005107396835494109 F090W nrca2
10.0 0.5447513725731312 1.1702702653563977 0.5750622834852578 1.1706089422700054 0.009175086896430873 0.0045875434482154365 F090W nrca2
11.0 0.4197738278135508 1.165245252445692 0.4283364370602614 1.1669188033439315 0.008580196497105858 0.004290098248552929 F090W nrca2
12.0 0.3430020239751205 1.164893446501451 0.3395159955595378 1.1687753025086907 0.0075087137247088435 0.0037543568623544217 F090W nrca2
14.0 0.23669598378048204 1.1747524512418066 0.23226273985765541 1.1766298431713864 0.006146182601789349 0.0030730913008946746 F090W nrca2
16.0 0.1798845241924922 1.2160611641235566 0.17795945359473636 1.209220024856381 0.009358559027642042 0.004679279513821021 F090W nrca2
18.0 0.13722457401212346 1.2381063101883256 0.1366741934491051 1.2338250776083028 0.01615187460785507 0.008075937303927534 F090W nrca2
20.0 0.101354929452 1.207106364793035 0.10134201233625685 1.2071099419977669 0.01781147250592843 0.008905736252964215 F090W nrca2
22.0 0.08080466567034163 1.2184312098957895 0.08079436757014369 1.2184348206611841 0.02068745157538128 0.01034372578769064 F090W nrca2
24.0 0.06929740864287981 1.2480038942722336 0.06928857707787374 1.2480075926749314 0.01782201706564747 0.008911008532823735 F090W nrca2
25.0 0.06473312722740474 1.2554509459784793 0.06472487735439575 1.2554546664501758 0.01733174339449185 0.008665871697245925 F090W nrca2
26.0 0.060460305667283824 1.2585204149041838 0.060452600341352525 1.2585241444721116 0.015940121284403246 0.007970060642201623 F090W nrca2
0.0 1.0 1.0 0.9998860035507657 0.9998860035507657 0.0 0.0 F150W nrca2
2.0 0.8900875088698393 0.8928725314370248 0.892677928170664 0.892677928170664 0.005843813034019877 0.0029219065170099385 F150W nrca2
3.0 0.8515087453750393 0.862451483518914 0.8620653019568385 0.8620631305403021 0.0004197548742123184 0.0002098774371061592 F150W nrca2
4.0 0.6865061001069038 0.7192021456936339 0.7176389539516138 0.717594600035072 0.004031765933810704 0.002015882966905352 F150W nrca2
5.0 0.7071199453369641 0.7676779948342068 0.7659267181790542 0.7658563331697703 0.005792598768302091 0.0028962993841510454 F150W nrca2
6.0 0.7493949780235853 0.8543145769179188 0.8528194961144465 0.8529748447010957 0.006169003988952997 0.0030845019944764985 F150W nrca2
7.0 0.7097571916645922 0.8972110379468407 0.8868174769433735 0.8962239701632015 0.0046605317468506125 0.0023302658734253062 F150W nrca2
8.0 0.642096377493686 0.9231126386666101 0.8269212628118561 0.9231894729332534 0.004600327663008634 0.002300163831504317 F150W nrca2
9.0 0.5651299818336321 0.9178039714980448 0.6453482829214893 0.9191841492225176 0.005614915366675571 0.0028074576833377854 F150W nrca2
10.0 0.5313044226325045 0.9287662453917782 0.5476642348500657 0.9320123577724174 0.005627398416966438 0.002813699208483219 F150W nrca2
11.0 0.4870965129560316 0.9370367543847451 0.4897283428661678 0.9428078357483322 0.005511745078621788 0.002755872539310894 F150W nrca2
12.0 0.4462633289509586 0.9541656453677443 0.44667168781511185 0.9632302166427253 0.004777812302695917 0.0023889061513479586 F150W nrca2
14.0 0.33672326108143064 1.0223132486030035 0.33141526570452934 1.0304200791667235 0.0065165952276602344 0.0032582976138301172 F150W nrca2
16.0 0.23916432426215398 1.0290103763317342 0.23587660696403526 1.0209107243901883 0.003877692907554773 0.0019388464537773865 F150W nrca2
18.0 0.17906409053384906 0.999140971691725 0.17792538350926784 0.9945110292522036 0.0029993558319836955 0.0014996779159918477 F150W nrca2
20.0 0.14027120707006935 0.9877900018174459 0.14023727905856398 0.9876720483729604 0.0033674389277669847 0.0016837194638834924 F150W nrca2
22.0 0.11640582463223083 0.975195321510566 0.11637766904535089 0.975078872015221 0.0015553160035118268 0.0007776580017559134 F150W nrca2
24.0 0.10142680890643972 0.9638166116340905 0.1014022763597296 0.963701520887084 0.003586134582893143 0.0017930672914465715 F150W nrca2
25.0 0.09556258877974624 0.9634300774162713 0.09553947463765447 0.9633150328258795 0.005213832317928587 0.0026069161589642935 F150W nrca2
26.0 0.09076983400473808 0.9613150972033297 0.090747879107245 0.9612003051658092 0.006603037942492773 0.0033015189712463865 F150W nrca2
0.0 1.0 1.0 0.9999989551372961 0.9999989551372961 0.0 0.0 F090W nrca3
2.0 0.9281944435564167 0.9324390634929061 0.9316702878890594 0.9316702878890594 0.008201722058713636 0.004100861029356818 F090W nrca3
3.0 0.8448741661877911 0.8665615343499412 0.8627498594083597 0.86274400827765 0.004785895052952396 0.002392947526476198 F090W nrca3
4.0 0.9025634870028273 0.9628593848839083 0.955403342890226 0.9553072503356551 0.009479950914410555 0.0047399754572052775 F090W nrca3
5.0 0.8938320958059777 1.007109016584617 0.9955554262841199 0.9951386251007701 0.013095491418471933 0.006547745709235967 F090W nrca3
6.0 0.8703221420323128 1.0312558682803692 1.0172922236833846 1.0163547406641904 0.016445260019539963 0.008222630009769982 F090W nrca3
7.0 0.8511215506635207 1.0525729846932979 1.0334137141294444 1.0363868848133457 0.0187387928352292 0.0093693964176146 F090W nrca3
8.0 0.8338179702095683 1.1475277659095902 0.9987805940610825 1.1261600834569012 0.023137398649164056 0.011568699324582028 F090W nrca3
9.0 0.7463221097574393 1.2374846257135812 0.7818898451234424 1.2056333383916185 0.030658488582774056 0.015329244291387028 F090W nrca3
10.0 0.6423676652683754 1.3150001540110456 0.6363031120794778 1.2711743874079497 0.03836352972723164 0.01918176486361582 F090W nrca3
11.0 0.5442635978668625 1.3997151444274902 0.5189365896294744 1.3434677905316224 0.048644261608816755 0.024322130804408378 F090W nrca3
12.0 0.4888828270944613 1.4858065882002898 0.46303033124018667 1.426423712708383 0.0534419166835158 0.0267209583417579 F090W nrca3
14.0 0.4090555743866336 1.721647002239007 0.39306673626722766 1.65934096350582 0.0643333798575034 0.0321666899287517 F090W nrca3
16.0 0.3603531870457273 2.018493516768137 0.35332961152768033 1.970362597587575 0.08163019895722304 0.04081509947861152 F090W nrca3
18.0 0.316649935993975 2.3340256627548412 0.3147203647392185 2.314026450038357 0.1045810525616242 0.0522905262808121 F090W nrca3
20.0 0.27745838713173193 2.698705990778167 0.2774317392264644 2.6987657472407425 0.1482490555624918 0.0741245277812459 F090W nrca3
22.0 0.2506642116556115 3.0994589110871322 0.25064013714038347 3.0995275412754735 0.15782367715482157 0.07891183857741078 F090W nrca3
24.0 0.23117255658131014 3.395768776837129 0.2311503541009602 3.395843968106768 0.17161494047452397 0.08580747023726198 F090W nrca3
25.0 0.2222279043323934 3.50707434935895 0.22220656092229266 3.5071520052272893 0.17346856619572318 0.08673428309786159 F090W nrca3
26.0 0.21330462877046164 3.611046577580537 0.21328414237753132 3.6111265356680087 0.16459467058390284 0.08229733529195142 F090W nrca3
0.0 1.0 1.0 1.000022321532953 1.000022321532953 0.0 0.0 F150W nrca3
2.0 1.0847726431950346 1.0846905219963134 1.0841127273393856 1.0841127273393856 0.0030480029017866286 0.0015240014508933143 F150W nrca3
3.0 1.0703566125383281 1.0699643388358577 1.067349766997047 1.0673405045542872 0.0014635314919897082 0.0007317657459948541 F150W nrca3
4.0 1.1060888439904846 1.1039196976940067 1.091227565457868 1.0909756658947998 0.007846716490899502 0.003923358245449751 F150W nrca3
5.0 1.1081654441553217 1.1049138676717152 1.0883459764809447 1.0876440274443715 0.009297263432917596 0.004648631716458798 F150W nrca3
6.0 1.1051673382813882 1.1006582863470706 1.080924348349959 1.0794393973802496 0.00762806719465425 0.003814033597327125 F150W nrca3
7.0 1.1148503945866823 1.1070509672487427 1.0786002601034463 1.0750124943555788 0.007163225568374487 0.0035816127841872434 F150W nrca3
8.0 1.1230815552219806 1.1118241643793454 1.0784618929769223 1.0718319759092825 0.005598683139383127 0.0027993415696915634 F150W nrca3
9.0 1.1365824076308908 1.1219109385567174 1.0879670750589638 1.0776228885109225 0.007165570904258675 0.0035827854521293377 F150W nrca3
10.0 1.1785476217588726 1.1614072061282004 1.1308665995616567 1.1173005170422932 0.007862756919971925 0.003931378459985963 F150W nrca3
11.0 1.2528951953276255 1.2317717900244525 1.2035096545533843 1.1851887484097536 0.00862269609759857 0.004311348048799285 F150W nrca3
12.0 1.3243326741224148 1.2992303649154484 1.2758399805025706 1.2524331358827459 0.010321157443628265 0.005160578721814133 F150W nrca3
14.0 1.5270391225481317 1.4879223655443885 1.479963353637549 1.4392460452504912 0.010618427875159058 0.005309213937579529 F150W nrca3
16.0 1.7887873085748527 1.7312771314161093 1.7545356523681135 1.695208577895605 0.016279216823612976 0.008139608411806488 F150W nrca3
18.0 2.109347646541064 2.0394136395224653 2.093442718205764 2.0222553477581333 0.023541820064196837 0.011770910032098418 F150W nrca3
20.0 2.4464955083375237 2.3752996230161254 2.446614523169721 2.375409367554179 0.011030312798818722 0.005515156399409361 F150W nrca3
22.0 2.770041693282672 2.70709584743075 2.7701764476879767 2.707220921749949 0.013843211202005636 0.006921605601002818 F150W nrca3
24.0 3.066868353964203 2.9944281478566808 3.0670175481161137 2.9945664976171225 0.023731025095510488 0.011865512547755244 F150W nrca3
25.0 3.1881229409310183 3.1050953670471797 3.188278033763009 3.105238829898505 0.03402383173736825 0.017011915868684124 F150W nrca3
26.0 3.2957976299131584 3.214957395760578 3.295957960803015 3.2151059345010564 0.04267318737578152 0.02133659368789076 F150W nrca3
0.0 1.0 1.0 0.9999762313306463 0.9999762313306463 0.0 0.0 F090W nrca4
2.0 0.9000720492524097 0.9041274077486062 0.9033380219281031 0.9033380219281031 0.0034237703586623997 0.0017118851793311999 F090W nrca4
