scripts/analysis/wing_calibration/calcurves_deep_m92/calcurves_deep_m92_all.ecsv
# %ECSV 1.0
# ---
# datatype:
# - {name: r_mask, datatype: float64}
# - {name: bias_ann, datatype: float64}
# - {name: bias_ann_noblob, datatype: float64}
# - {name: bias_prodwin, datatype: float64}
# - {name: bias_prodwin_noblob, datatype: float64}
# - {name: frame_scatter, datatype: float64}
# - {name: err, datatype: float64}
# - {name: filter, datatype: string}
# - {name: detector, datatype: string}
# meta: !!omap
# - {note: see per-config calcurve_deep_<filt>_<det>.ecsv}
# - {bias_def: 'C(r_mask) = uniform-weight LSQ amplitude of the STPSF-model stack fit to the empirical stack with the circle r < r_mask
#     masked, divided by the unmasked amplitude.  >1 = masked-core (satstar) flux overestimated.'}
# - {flavors: 'ann: fit region r_mask<=r<=50 px; prodwin: production _wing_selfcal window (square half-width min(2r+10,50)) normalized
#     by unmasked 11x11 core fit; *_noblob: OPD phantom-blob circle (+25,-25) r<14 px excluded from the fit'}
# schema: astropy-2.0
r_mask bias_ann bias_ann_noblob bias_prodwin bias_prodwin_noblob frame_scatter err filter detector
[from data line 123]
4.0 0.8799141416946292 0.9328239943368138 0.9255249515394 0.925445578952832 0.008749914389275143 0.004374957194637571 F090W nrca4
5.0 0.8717438316058913 0.9741053890954239 0.9620421126103553 0.9616798487940044 0.012992795544084567 0.0064963977720422835 F090W nrca4
6.0 0.8424691410251208 0.9885161852565654 0.9731434205320499 0.9722275975093834 0.01729780839826035 0.008648904199130175 F090W nrca4
7.0 0.8240556497454729 1.003513364787367 0.9851410565244608 0.9853933100510065 0.01876500523777451 0.009382502618887255 F090W nrca4
8.0 0.8095640817906341 1.0821742988429746 0.971019476842618 1.0580301746930145 0.024626657285595606 0.012313328642797803 F090W nrca4
9.0 0.7377027330496613 1.1657209307954373 0.7657670364476441 1.1291257875811276 0.034639589523722765 0.017319794761861382 F090W nrca4
10.0 0.6415601416571846 1.2320015667517592 0.6236900605442014 1.1798530970382601 0.046738045378934764 0.023369022689467382 F090W nrca4
11.0 0.5522032860971536 1.30609308709658 0.5193628192187397 1.2366634114861053 0.057442449769413324 0.028721224884706662 F090W nrca4
12.0 0.5014649249300475 1.383511813688997 0.4683804402120609 1.307271539381469 0.07292959944659036 0.03646479972329518 F090W nrca4
14.0 0.42866088534179675 1.5990974062261116 0.4090254303924903 1.5187726340463281 0.10478448147345014 0.05239224073672507 F090W nrca4
16.0 0.38712505641215955 1.8869336681632825 0.37904089781538886 1.8328505701741191 0.1336207959096013 0.06681039795480065 F090W nrca4
18.0 0.35127361201579854 2.2145920423429466 0.3491220849838576 2.1932528142980083 0.16523390215307998 0.08261695107653999 F090W nrca4
20.0 0.3164312221312408 2.6061717953431547 0.31639479031380235 2.606158384598516 0.20049946558019352 0.10024973279009676 F090W nrca4
22.0 0.2919406973886632 3.0499083607040816 0.2919070852497646 3.049892666595861 0.20541904397788263 0.10270952198894132 F090W nrca4
24.0 0.2745769552066315 3.412616334995627 0.27454534221522847 3.412598774477821 0.18622613161531199 0.09311306580765599 F090W nrca4
25.0 0.2667766813021561 3.5755481396379896 0.2667459663831776 3.5755297407115916 0.17846388482109302 0.08923194241054651 F090W nrca4
26.0 0.25880430375433683 3.729375703904742 0.2587745067226686 3.729356513418023 0.16806827682349262 0.08403413841174631 F090W nrca4
0.0 1.0 1.0 0.9998706265066244 0.9998706265066244 0.0 0.0 F150W nrca4
2.0 0.9079898747897517 0.9102990187149624 0.9096117213209655 0.9096117213209655 0.004551536806819803 0.0022757684034099015 F150W nrca4
3.0 0.8460349376263083 0.854618866423151 0.8523180003318376 0.8523134840404734 0.002551705337813113 0.0012758526689065565 F150W nrca4
4.0 0.6691478358161025 0.6933545532752461 0.6847991006378186 0.6846983354075125 0.006122893463358692 0.003061446731679346 F150W nrca4
5.0 0.6948538592570899 0.7408076552471947 0.7277717817851629 0.7274582546382055 0.007524142972017569 0.0037620714860087845 F150W nrca4
6.0 0.7575947996099236 0.8448371861815844 0.8267571577457502 0.8260270218943191 0.008815393063689883 0.004407696531844941 F150W nrca4
7.0 0.7354268392474304 0.8936350008486222 0.855111271383542 0.8627985220274108 0.008833337981441158 0.004416668990720579 F150W nrca4
8.0 0.7008764796532747 0.9417934847481673 0.8053755324461849 0.8985995678434974 0.010260934982524617 0.005130467491262308 F150W nrca4
9.0 0.660143584626586 0.9732930780387156 0.6683586942121615 0.920826935302679 0.011079862330935174 0.005539931165467587 F150W nrca4
10.0 0.6449893324815583 1.0021797221814 0.6098176057034582 0.9489746942666568 0.011203887355226764 0.005601943677613382 F150W nrca4
11.0 0.6235699193217163 1.041097757862615 0.5850069578897802 0.9861002062892575 0.011114113604748127 0.005557056802374063 F150W nrca4
12.0 0.6057913844165744 1.1049384827815873 0.5716472518519763 1.0498129048488891 0.011286912493053023 0.005643456246526512 F150W nrca4
14.0 0.5529331505757374 1.3641022704130714 0.5262086940611503 1.3014227028472023 0.012656342394050571 0.0063281711970252855 F150W nrca4
16.0 0.4902191759666347 1.6215071806378627 0.4780733462058595 1.5712546053183416 0.017349039802149004 0.008674519901074502 F150W nrca4
18.0 0.44671438003528113 1.8593811804409095 0.44280073048518154 1.8375291871443538 0.02180558217424606 0.01090279108712303 F150W nrca4
20.0 0.4143564686450437 2.1306224212457425 0.414265192193356 2.1303670705915843 0.026696153303399753 0.013348076651699877 F150W nrca4
22.0 0.3871896319478928 2.339990904212921 0.38710433993869586 2.33971046118268 0.04252509475624887 0.021262547378124434 F150W nrca4
24.0 0.3661461044839469 2.4911057530505527 0.36606544804499747 2.4908071992208005 0.0440345328601294 0.0220172664300647 F150W nrca4
25.0 0.356773469678186 2.5626883421060156 0.35669487788866955 2.5623812092522376 0.04234032499743457 0.021170162498717286 F150W nrca4
26.0 0.348012316671881 2.612834370072969 0.34793565483162225 2.61252122732231 0.039820243166111866 0.019910121583055933 F150W nrca4
0.0 1.0 1.0 1.0000196221334747 1.0000196221334747 0.0 0.0 F090W nrcb1
2.0 0.9083657664864077 0.9126717196786562 0.9123890645166184 0.9123890645166184 0.004337797617668511 0.0021688988088342555 F090W nrcb1
3.0 0.8788573790897809 0.9038254930108528 0.9026229813937288 0.902620719764372 0.009890460269744923 0.004945230134872461 F090W nrcb1
4.0 0.9306812983565189 0.9932171465462554 0.9919156901847186 0.9918863667691504 0.007499004880004431 0.0037495024400022157 F090W nrcb1
5.0 0.9085428656245123 1.0284088029066258 1.0269357904840481 1.0268469030787182 0.007920741018333205 0.0039603705091666025 F090W nrcb1
6.0 0.8761931129177201 1.0522685808096612 1.0507352703299457 1.0506827378247925 0.009602058086124753 0.004801029043062377 F090W nrcb1
7.0 0.8534607103610846 1.0737058579007108 1.0710406765524079 1.0724248773885512 0.010141250967088516 0.005070625483544258 F090W nrcb1
8.0 0.8260124434674289 1.1582245979310088 1.0784429339351638 1.1576248993471163 0.013071371912350346 0.006535685956175173 F090W nrcb1
9.0 0.7342401003198912 1.239644029305677 0.8337016306505439 1.2403588383184163 0.017151978428347477 0.008575989214173739 F090W nrcb1
10.0 0.6064865205277291 1.2754284476658038 0.6396024621871683 1.2782556039179704 0.02178325468670181 0.010891627343350904 F090W nrcb1
11.0 0.4695579737530807 1.2782176659061433 0.4813124229257616 1.2840218025391403 0.025492329609110284 0.012746164804555142 F090W nrcb1
12.0 0.3845150458346527 1.2742255405428444 0.38293654745305417 1.2835154218734584 0.027628308806627606 0.013814154403313803 F090W nrcb1
14.0 0.27485945849341925 1.301045971569106 0.271545402155139 1.310888571290768 0.032652647785914084 0.016326323892957042 F090W nrcb1
16.0 0.21195764200582048 1.3511733470657528 0.21045628240874037 1.3481201038104342 0.042411079606125224 0.021205539803062612 F090W nrcb1
18.0 0.16550177046327597 1.3849673761861172 0.1650906285492847 1.3823920932847662 0.05859101700885692 0.02929550850442846 F090W nrcb1
20.0 0.12691327344368578 1.3589651233048725 0.12690104136768765 1.3590106336220769 0.07691856285202146 0.03845928142601073 F090W nrcb1
22.0 0.10287636338271856 1.337770918120367 0.10286644801720035 1.3378157186658601 0.09063748587197941 0.045318742935989705 F090W nrcb1
24.0 0.08919625725358521 1.3363807101288494 0.0891876603955272 1.3364254641177347 0.09824772440273573 0.049123862201367864 F090W nrcb1
25.0 0.08378283375870003 1.3290185575935882 0.08377475865385035 1.3290630650317037 0.10021027279401278 0.05010513639700639 F090W nrcb1
26.0 0.07870264462087624 1.315974223473463 0.07869505915164884 1.3160182940705047 0.10043953280602241 0.05021976640301121 F090W nrcb1
0.0 1.0 1.0 1.000050032902988 1.000050032902988 0.0 0.0 F150W nrcb1
2.0 1.0423387734459195 1.0423190915549985 1.0422587827601373 1.0422587827601373 0.009188884324941679 0.0045944421624708395 F150W nrcb1
3.0 1.0549206435836351 1.0548335972786944 1.0545432634981002 1.0545400300199201 0.0048102956714684165 0.0024051478357342082 F150W nrcb1
4.0 1.1030649464577984 1.1025652212464985 1.1013207868775323 1.1012541777081826 0.006853214752411887 0.0034266073762059435 F150W nrcb1
5.0 1.1359111800931831 1.1351260618011452 1.1336008754886626 1.1334752040319913 0.006348005242028092 0.003174002621014046 F150W nrcb1
6.0 1.1287926499370886 1.1277188249536236 1.1256784079918511 1.1254601042546912 0.006489183131926224 0.003244591565963112 F150W nrcb1
7.0 1.1225480415609317 1.1207462825383188 1.1176708201709125 1.1171216453899044 0.006547101132331072 0.003273550566165536 F150W nrcb1
8.0 1.1037321591114844 1.1009290007007757 1.0970878683056284 1.0957747282124324 0.006930226605599758 0.003465113302799879 F150W nrcb1
9.0 1.073084786953056 1.0690553636781026 1.0655690674520502 1.0629189543165813 0.004922371548327376 0.002461185774163688 F150W nrcb1
10.0 1.0875493955294058 1.0828698573828837 1.0806823452091365 1.0770779357733042 0.004530707374506602 0.002265353687253301 F150W nrcb1
11.0 1.1262414685010496 1.1206980728859743 1.119715721194293 1.1150201013556467 0.003696912550881771 0.0018484562754408854 F150W nrcb1
12.0 1.1569736602031964 1.1505100449023267 1.1509752673664615 1.1451045496510661 0.00304928239195032 0.00152464119597516 F150W nrcb1
14.0 1.1949889125947557 1.1850581342576387 1.1895006924801657 1.1793140043303503 0.002497012165952236 0.001248506082976118 F150W nrcb1
16.0 1.205809550870874 1.189322355099978 1.2013977071865498 1.184613436936882 0.003213027564657719 0.0016065137823288594 F150W nrcb1
18.0 1.2382410950244742 1.2140688600266967 1.2361572172368167 1.2117749883075912 0.00788260815797186 0.00394130407898593 F150W nrcb1
20.0 1.2787971646250402 1.246087112995123 1.2788779435958575 1.246164876081186 0.011249265064479697 0.005624632532239849 F150W nrcb1
22.0 1.324884813205162 1.2848813977180258 1.3249685034373762 1.2849615817931757 0.016657639599960996 0.008328819799980498 F150W nrcb1
24.0 1.3775785582045836 1.3303912045921134 1.377665576991636 1.3304742287440054 0.021337366469304706 0.010668683234652353 F150W nrcb1
25.0 1.4046144322352256 1.3517515152501522 1.4047031588224983 1.351835872409712 0.0218761279395521 0.01093806396977605 F150W nrcb1
26.0 1.4334186057282652 1.3763808227455325 1.4335091518155763 1.376466716917183 0.022587146351989055 0.011293573175994527 F150W nrcb1
0.0 1.0 1.0 1.0000477009452955 1.0000477009452955 0.0 0.0 F090W nrcb2
2.0 1.0001514770238193 1.0056169104686898 1.0054416137764863 1.0054416137764863 0.011823885141677044 0.005911942570838522 F090W nrcb2
3.0 0.9471392712227367 0.9754165894895616 0.9746607212589707 0.9746583561719948 0.007950734023882923 0.003975367011941461 F090W nrcb2
4.0 0.9738397025953963 1.0435939790234645 1.0429984508451176 1.0429636216362863 0.013986931080961346 0.006993465540480673 F090W nrcb2
5.0 0.9419671851771391 1.077308377324603 1.076910148181299 1.0768230271455512 0.018650941733984596 0.009325470866992298 F090W nrcb2
6.0 0.9009224290436041 1.0967920130010336 1.0966456952808148 1.096608226631324 0.019406147474852833 0.009703073737426416 F090W nrcb2
7.0 0.8671000671695873 1.1123708031051651 1.107648691027374 1.1125907581371832 0.020694830648013564 0.010347415324006782 F090W nrcb2
8.0 0.8308571508430972 1.20776172684035 1.0736874947545099 1.2091962684266555 0.024807975679709174 0.012403987839854587 F090W nrcb2
9.0 0.7169843983181287 1.2777704346191965 0.8121088894823927 1.281212965391682 0.02956850902343606 0.01478425451171803 F090W nrcb2
10.0 0.5806909860856074 1.2967623954335359 0.6186650679196904 1.3027189270414865 0.03071722277093862 0.01535861138546931 F090W nrcb2
11.0 0.4396239697460595 1.2828291496202542 0.44734127740395146 1.292003860008483 0.030108696950873662 0.015054348475436831 F090W nrcb2
12.0 0.3547110141368032 1.278811518479421 0.35313510944620213 1.290982360593891 0.029599728101956553 0.014799864050978277 F090W nrcb2
14.0 0.24192876957149603 1.2932743063344092 0.23898470297006763 1.3008266876556798 0.028363797214256355 0.014181898607128178 F090W nrcb2
16.0 0.17837836744560104 1.3239637382838567 0.1769828080880097 1.3197092821711252 0.03120750429181517 0.015603752145907585 F090W nrcb2
18.0 0.1298826933662626 1.3219895901453547 0.12947226261606296 1.3190309640296263 0.03175015247453653 0.015875076237268266 F090W nrcb2
20.0 0.09118206467580567 1.2513356549412096 0.09117529837162974 1.2514127682313299 0.034173916397858925 0.017086958198929462 F090W nrcb2
22.0 0.06838695618024833 1.2017783515382374 0.06838188142186434 1.2018524108702133 0.040084878005679725 0.020042439002839862 F090W nrcb2
24.0 0.05553116095562965 1.1760823183488083 0.055527040181137376 1.1761547941682753 0.040844660459352186 0.020422330229676093 F090W nrcb2
25.0 0.050544905774647195 1.1601119764445942 0.05054115501282544 1.1601834680951824 0.043061923895065024 0.021530961947532512 F090W nrcb2
26.0 0.04591398785632286 1.141963734278886 0.045910580738828095 1.142034107547961 0.04547130707488735 0.022735653537443674 F090W nrcb2
0.0 1.0 1.0 1.000047522256058 1.000047522256058 0.0 0.0 F150W nrcb2
2.0 1.0784344280282538 1.0784263579685265 1.0784339110417018 1.0784339110417018 0.002920850278907479 0.0014604251394537396 F150W nrcb2
3.0 1.0637665855017122 1.0637261756569645 1.0635796770676027 1.0635781821227837 0.0027026054160620176 0.0013513027080310088 F150W nrcb2
4.0 1.1063542216464768 1.1061615735633956 1.1057251756544564 1.1056990076779711 0.007790825796687306 0.003895412898343653 F150W nrcb2
5.0 1.12180469272936 1.1215238209676943 1.120931131516242 1.120889091051683 0.002098311763378864 0.001049155881689432 F150W nrcb2
6.0 1.1158487332456615 1.1154410091810358 1.1143314754994174 1.1142447293307822 0.0028313387920750315 0.0014156693960375158 F150W nrcb2
7.0 1.109337023742181 1.1086074399038321 1.1064834424083243 1.1062114113744177 0.0038674038638351507 0.0019337019319175754 F150W nrcb2
8.0 1.0905646492824268 1.089371449425666 1.0863303928522958 1.0856118981075602 0.00522383723030187 0.002611918615150935 F150W nrcb2
9.0 1.0631854660996003 1.061371014549123 1.058028524219104 1.056536595089773 0.004520570718200497 0.0022602853591002486 F150W nrcb2
10.0 1.0709745805286974 1.0688915662029381 1.0657941799710682 1.0639244471660527 0.004864915291500995 0.0024324576457504976 F150W nrcb2
11.0 1.098582583055855 1.0962339934370662 1.0933300574620977 1.091134174559643 0.005038335187465524 0.002519167593732762 F150W nrcb2
12.0 1.1248481239464645 1.122279696525382 1.1196472114888598 1.1171937637592133 0.006133593746789981 0.0030667968733949906 F150W nrcb2
14.0 1.1501308296663877 1.1463134077123787 1.1446537387128173 1.1406522563086254 0.009165804047153208 0.004582902023576604 F150W nrcb2
16.0 1.1416151102050176 1.134732092137426 1.137092281502991 1.129969782055782 0.009147438097763671 0.004573719048881836 F150W nrcb2
18.0 1.152669009894938 1.1425152228193014 1.1504310800755202 1.1400961984788935 0.0023412982757379445 0.0011706491378689723 F150W nrcb2
20.0 1.173588174668538 1.1603065109166135 1.1736555185956863 1.160372661871174 0.010827691321304067 0.0054138456606520335 F150W nrcb2
22.0 1.2066570199272388 1.1924191060056812 1.2067262614415937 1.1924870877513287 0.01948216452036586 0.00974108226018293 F150W nrcb2
24.0 1.249975621894819 1.2340785284661993 1.250047349157444 1.2341488852830338 0.023450856108166874 0.011725428054083437 F150W nrcb2
25.0 1.273243066365943 1.2569177839525685 1.273316128782687 1.2569894428723711 0.022313529959764215 0.011156764979882107 F150W nrcb2
26.0 1.2971164079269744 1.2811579535696513 1.297190840265987 1.2812309944608073 0.02084744063209402 0.01042372031604701 F150W nrcb2
0.0 1.0 1.0 0.9999653804574847 0.9999653804574847 0.0 0.0 F090W nrcb3
2.0 0.9199628317605374 0.9236179506883709 0.9227523374475712 0.9227523374475712 0.01171379919853044 0.00585689959926522 F090W nrcb3
3.0 0.8830715537020943 0.9052180597686924 0.9005822367510514 0.900575180550578 0.007873422661771006 0.003936711330885503 F090W nrcb3
4.0 0.8877864625059116 0.9420644814432919 0.9328676792844006 0.9327551657808151 0.012288889683780162 0.006144444841890081 F090W nrcb3
