scripts/analysis/wing_calibration/calcurves_deep_m92/calcurves_deep_m92_all.ecsv
# %ECSV 1.0
# ---
# datatype:
# - {name: r_mask, datatype: float64}
# - {name: bias_ann, datatype: float64}
# - {name: bias_ann_noblob, datatype: float64}
# - {name: bias_prodwin, datatype: float64}
# - {name: bias_prodwin_noblob, datatype: float64}
# - {name: frame_scatter, datatype: float64}
# - {name: err, datatype: float64}
# - {name: filter, datatype: string}
# - {name: detector, datatype: string}
# meta: !!omap
# - {note: see per-config calcurve_deep_<filt>_<det>.ecsv}
# - {bias_def: 'C(r_mask) = uniform-weight LSQ amplitude of the STPSF-model stack fit to the empirical stack with the circle r < r_mask
#     masked, divided by the unmasked amplitude.  >1 = masked-core (satstar) flux overestimated.'}
# - {flavors: 'ann: fit region r_mask<=r<=50 px; prodwin: production _wing_selfcal window (square half-width min(2r+10,50)) normalized
#     by unmasked 11x11 core fit; *_noblob: OPD phantom-blob circle (+25,-25) r<14 px excluded from the fit'}
# schema: astropy-2.0
r_mask bias_ann bias_ann_noblob bias_prodwin bias_prodwin_noblob frame_scatter err filter detector
[from data line 245]
6.0 0.8289376993910009 0.9779250396209651 0.9586572074324919 0.9574355202619778 0.0157420712051041 0.00787103560255205 F090W nrcb3
7.0 0.8253760747496337 1.0199372788905376 0.997897603157329 0.9969990878273444 0.016980137089404768 0.008490068544702384 F090W nrcb3
8.0 0.8272977190077199 1.1341311838613466 1.021335452479002 1.104110133503931 0.018018742245640377 0.009009371122820188 F090W nrcb3
9.0 0.7662018838305784 1.2465635814340121 0.8130989188464157 1.2035639457701333 0.017758472173329636 0.008879236086664818 F090W nrcb3
10.0 0.6770984584699202 1.3450258584626344 0.6722831319113556 1.2871652767755606 0.018184418816658585 0.009092209408329293 F090W nrcb3
11.0 0.5789308149746123 1.4598510691464779 0.556799274200179 1.3843960184815023 0.019221903547941007 0.009610951773970504 F090W nrcb3
12.0 0.520208626165369 1.5678250472768183 0.4903669259982236 1.4873698056151772 0.020421441971332048 0.010210720985666024 F090W nrcb3
14.0 0.44244614491064843 1.8749930801879975 0.42250581017414834 1.798738067592528 0.018155850997833792 0.009077925498916896 F090W nrcb3
16.0 0.3935861791115158 2.253984898536044 0.3845707039534924 2.1942992204128 0.006256892496834962 0.003128446248417481 F090W nrcb3
18.0 0.3510544285672671 2.6750204827499733 0.34863628406130837 2.650620012260486 0.012325057530285068 0.006162528765142534 F090W nrcb3
20.0 0.3098834130963961 3.1659135914569068 0.3098435287697176 3.165895406748073 0.016289137820723186 0.008144568910361593 F090W nrcb3
22.0 0.28004257642292874 3.732998240324696 0.2800065328364381 3.732976798335167 0.026039365525718682 0.013019682762859341 F090W nrcb3
24.0 0.2584260034136674 4.195668022360376 0.25839274204275575 4.195643922839292 0.032502776919860366 0.016251388459930183 F090W nrcb3
25.0 0.24840271821726437 4.390169737622187 0.24837074691856784 4.390144520901609 0.042536265816248996 0.021268132908124498 F090W nrcb3
26.0 0.2381723643533983 4.572062701629587 0.23814170977821228 4.572036440132993 0.046919712455233055 0.023459856227616527 F090W nrcb3
0.0 1.0 1.0 0.9998418388259332 0.9998418388259332 0.0 0.0 F150W nrcb3
2.0 0.868777833962169 0.8706493641691498 0.8699779125862291 0.8699779125862291 0.006054757632654471 0.0030273788163272357 F150W nrcb3
3.0 0.7787101049854865 0.7851557102558453 0.783020072848646 0.7830165463559806 0.004266419637901262 0.002133209818950631 F150W nrcb3
4.0 0.6300386358203425 0.6512381880554002 0.6427386627176951 0.6426315280110149 0.007328223722065191 0.0036641118610325953 F150W nrcb3
5.0 0.6621169523318898 0.7051020722515826 0.6915729013500728 0.6911696766487073 0.005566900789945656 0.002783450394972828 F150W nrcb3
6.0 0.7280870611896114 0.8126538661372329 0.7936201204166315 0.792558385261872 0.00576883369694193 0.002884416848470965 F150W nrcb3
7.0 0.6982921363465279 0.8434517119995134 0.8080769631517891 0.8118372328721277 0.010249731859940846 0.005124865929970423 F150W nrcb3
8.0 0.6621145266515374 0.8760757574599208 0.7633346030792083 0.8329551913687921 0.01458924483433469 0.007294622417167345 F150W nrcb3
9.0 0.6308914698519545 0.9221525968268716 0.6466289852642738 0.8694318755790184 0.019142156991234685 0.009571078495617343 F150W nrcb3
10.0 0.6245797732853764 0.9747294394726448 0.5948303853815695 0.9211469575187958 0.018128699251673774 0.009064349625836887 F150W nrcb3
11.0 0.610822640311284 1.0372883973707578 0.5766695562301255 0.9833028639153708 0.01824076920765815 0.009120384603829076 F150W nrcb3
12.0 0.5967647272250919 1.1159072272692758 0.5668843289078282 1.0635936019320977 0.020579539754694516 0.010289769877347258 F150W nrcb3
14.0 0.5483976132184948 1.3900449366679157 0.5223578802109982 1.3333786487034767 0.025724141298368013 0.012862070649184007 F150W nrcb3
16.0 0.4884933994473296 1.6584259073275298 0.47565608438584356 1.6060165951281289 0.02925219275612823 0.014626096378064115 F150W nrcb3
18.0 0.4425455237581691 1.9184063726853824 0.43854015898008314 1.8962131444838894 0.029022546095379003 0.014511273047689502 F150W nrcb3
20.0 0.40664268467721887 2.188903378317773 0.4065380391169954 2.1885801630948203 0.025903775427236975 0.012951887713618488 F150W nrcb3
22.0 0.37819613737107427 2.3922998026084965 0.37809881225455094 2.3919465537069104 0.024253444522857454 0.012126722261428727 F150W nrcb3
24.0 0.3563986415827148 2.5474814185502566 0.3563069258408198 2.547105255407187 0.02279196484321398 0.01139598242160699 F150W nrcb3
25.0 0.3461783855672512 2.6218047350530216 0.34608929990935056 2.621417597269613 0.02026601692126345 0.010133008460631724 F150W nrcb3
26.0 0.3361508316871014 2.670636086737298 0.33606432652316515 2.670241738477457 0.020509746399121707 0.010254873199560853 F150W nrcb3
0.0 1.0 1.0 0.9999792303395401 0.9999792303395401 0.0 0.0 F090W nrcb4
2.0 0.9768410057596216 0.9811983474805931 0.9802472204056042 0.9802472204056042 0.015155515088721093 0.007577757544360546 F090W nrcb4
3.0 0.9052152950821519 0.9298081309195464 0.924673358383032 0.9246665502540878 0.009401550161383488 0.004700775080691744 F090W nrcb4
4.0 0.9159439701089352 0.9760960548664506 0.9659560798309661 0.9658571505608055 0.011527395293030122 0.005763697646515061 F090W nrcb4
5.0 0.8784711785811732 0.9875293040138409 0.9711035775042623 0.970742958971714 0.018544787617156642 0.009272393808578321 F090W nrcb4
6.0 0.8448842376396395 1.0036352675404419 0.9823639855152814 0.9815762363664448 0.026334145801406358 0.013167072900703179 F090W nrcb4
7.0 0.8247299039901471 1.0266821475311863 0.9997120794325923 1.0019826674762007 0.031339932692616014 0.015669966346308007 F090W nrcb4
8.0 0.8150804260148365 1.132760224494958 0.9738215304288071 1.0997359518768817 0.04392773378389355 0.021963866891946775 F090W nrcb4
9.0 0.7442843444987957 1.2440659870999908 0.7666110019123725 1.195460849749354 0.06883729261170059 0.034418646305850294 F090W nrcb4
10.0 0.6546900666294171 1.3416756044847258 0.6430491008042264 1.2768170116529616 0.09750886340466156 0.04875443170233078 F090W nrcb4
11.0 0.5668265279696129 1.4607424392146475 0.5389852082127568 1.3791104368043463 0.09193548702836664 0.04596774351418332 F090W nrcb4
12.0 0.516470355085364 1.579318709271082 0.48573686192934984 1.4948037450683065 0.0871776289951154 0.0435888144975577 F090W nrcb4
14.0 0.44800501483808414 1.9428139763535335 0.4278972639230219 1.8615170037922202 0.07761489419343968 0.03880744709671984 F090W nrcb4
16.0 0.4034187431740787 2.3716649647433625 0.3943617041356137 2.30794414213725 0.09188819381041005 0.045944096905205026 F090W nrcb4
18.0 0.35944850523498706 2.825039083433686 0.3569317871178711 2.7982090716975274 0.11438925874720876 0.05719462937360438 F090W nrcb4
20.0 0.3177449130222726 3.368615060994791 0.3177085928471347 3.368640404746525 0.1402254027118647 0.07011270135593235 F090W nrcb4
22.0 0.28820301555334954 3.9781199115338692 0.2881700721966783 3.9781498408910614 0.1533251678976923 0.07666258394884615 F090W nrcb4
24.0 0.267138463619451 4.474532559316857 0.26710792806911776 4.474566223431115 0.14674396676820645 0.07337198338410322 F090W nrcb4
25.0 0.2575044795499619 4.682713554743419 0.2574750452225731 4.682748785105933 0.13621774966621847 0.06810887483310923 F090W nrcb4
26.0 0.24757642208664615 4.871076427582645 0.24754812259657827 4.871113075091909 0.12012767623412278 0.06006383811706139 F090W nrcb4
0.0 1.0 1.0 1.0000145105559106 1.0000145105559106 0.0 0.0 F150W nrcb4
2.0 1.0431204217653238 1.0430654419128453 1.042387977318201 1.042387977318201 0.006761021986416953 0.0033805109932084766 F150W nrcb4
3.0 1.0040634772566304 1.0038084155289348 1.0009051810650442 1.0008997204351529 0.007475136095540245 0.0037375680477701226 F150W nrcb4
4.0 1.04622182053668 1.044679325370908 1.0291203370357553 1.0289308766594998 0.007910442498347551 0.0039552212491737754 F150W nrcb4
5.0 1.0860931065428432 1.0836110175709326 1.061188771005993 1.060655284047185 0.003701343725656077 0.0018506718628280385 F150W nrcb4
6.0 1.089268724629828 1.0858063053616478 1.0581731730837078 1.0570753006935885 0.004165734280987487 0.0020828671404937433 F150W nrcb4
7.0 1.0898643486424981 1.0839912084291183 1.043572700612835 1.040957863871573 0.006751205181672712 0.003375602590836356 F150W nrcb4
8.0 1.0993237019013389 1.0907280914829443 1.0408561783367924 1.035893719048721 0.010706246250309224 0.005353123125154612 F150W nrcb4
9.0 1.1146205638121454 1.1032148307136778 1.0482978166328587 1.0403250116904317 0.011122591310827148 0.005561295655413574 F150W nrcb4
10.0 1.16819019449406 1.1549797238601347 1.1021840546004393 1.0917916696630399 0.011608497465322798 0.005804248732661399 F150W nrcb4
11.0 1.2645256670283733 1.2485796162642842 1.1952820094988255 1.181530338385656 0.012211335734506812 0.006105667867253406 F150W nrcb4
12.0 1.360405871967311 1.3418464845887297 1.2914138813633738 1.274095989399164 0.0134887501856648 0.0067443750928324 F150W nrcb4
14.0 1.6195202463594345 1.5934946478418215 1.5518380315575668 1.5238313340869543 0.01772403818804635 0.008862019094023175 F150W nrcb4
16.0 1.959164324721421 1.9284367761645544 1.9091142254211777 1.876058321655637 0.029879395848543846 0.014939697924271923 F150W nrcb4
18.0 2.3666507481629364 2.3452496554607567 2.344515802565004 2.3215695944419616 0.025863433781648605 0.012931716890824303 F150W nrcb4
20.0 2.7736321516899443 2.7820840737440182 2.7737550341392567 2.782201715427803 0.01557562089670045 0.007787810448350225 F150W nrcb4
22.0 3.1980347364087494 3.257531304721466 3.1981764215060893 3.2576690509065247 0.04754987533015298 0.02377493766507649 F150W nrcb4
24.0 3.6236190136303046 3.701802868957348 3.623779553729142 3.7019594013665067 0.07690694272018671 0.038453471360093354 F150W nrcb4
25.0 3.8070535658119735 3.880277833658646 3.807222232758867 3.880441912962436 0.08485304445676357 0.04242652222838179 F150W nrcb4
26.0 3.970933268857534 4.0530688921099705 3.971109196298322 4.053240277961844 0.09069334762764553 0.04534667381382276 F150W nrcb4
