Theil-Sen slope of dm (ours - dolphot - ZP) against pred [95% CI] (N)

| band | sat-replaced all | unsat ZP window | unsat 13-15 | unsat 15-16 | unsat 16-17 | unsat 17-18 | unsat 18-19 | unsat 19-20 | unsat 20-21 | unsat 21-22 |
|---|---|---|---|---|---|---|---|---|---|---|
| F115W | +0.68 [-0.01,+1.34] (473) | +1.13 [+0.91,+1.35] (2586) |  |  |  | +0.62 [-0.27,+1.46] (325) | +0.64 [+0.14,+1.14] (815) | +0.49 [+0.10,+0.88] (1308) | +0.96 [+0.65,+1.29] (1331) | +1.47 [+1.17,+1.78] (1183) |
| F150W | +0.81 [+0.53,+1.08] (2311) | +0.95 [+0.83,+1.08] (2585) |  |  | +0.79 [-2.19,+5.76] (59) | +4.28 [+1.52,+7.69] (202) | -0.02 [-0.42,+0.37] (823) | +0.42 [+0.21,+0.62] (1375) | +1.06 [+0.88,+1.23] (1264) | +1.29 [+1.13,+1.45] (1293) |
| F162M | +0.77 [+0.51,+1.04] (1776) | +1.29 [+1.20,+1.39] (2708) |  |  | +2.36 [+0.19,+4.79] (120) | +1.22 [+0.98,+1.47] (798) | +1.25 [+1.11,+1.38] (1435) | +1.31 [+1.18,+1.45] (1340) | +1.47 [+1.32,+1.62] (1304) | +1.58 [+1.42,+1.75] (1482) |
| F182M | +0.86 [+0.52,+1.20] (819) | +1.57 [+1.48,+1.67] (2836) |  | -1.21 [-5.12,+1.30] (40) | +1.13 [+0.91,+1.35] (910) | +1.37 [+1.22,+1.51] (1359) | +1.42 [+1.29,+1.55] (1466) | +1.66 [+1.52,+1.79] (1411) | +1.61 [+1.46,+1.76] (1472) | +1.66 [+1.49,+1.84] (1663) |
| F200W | +1.37 [+0.93,+1.81] (721) | +1.80 [+1.70,+1.90] (2952) |  | +1.04 [+0.47,+1.60] (131) | +1.55 [+1.31,+1.79] (1006) | +1.76 [+1.57,+1.94] (1437) | +1.84 [+1.69,+1.99] (1469) | +1.83 [+1.70,+1.97] (1488) | +1.78 [+1.62,+1.92] (1512) | +1.69 [+1.54,+1.84] (1724) |
| F250M | +1.18 [+1.02,+1.34] (1129) | +1.64 [+1.56,+1.73] (3049) | +1.38 [-0.49,+3.05] (127) | +1.37 [+0.49,+2.23] (320) | +1.62 [+1.46,+1.78] (1022) | +1.57 [+1.45,+1.69] (1536) | +1.64 [+1.53,+1.76] (1521) | +1.75 [+1.62,+1.88] (1606) | +1.87 [+1.72,+2.03] (1731) | +1.78 [+1.57,+2.00] (1752) |
| F277W | +1.33 [+1.19,+1.48] (1406) | +1.74 [+1.65,+1.83] (3266) | +1.81 [+0.18,+3.79] (94) | +1.64 [+0.78,+2.55] (334) | +1.07 [+0.82,+1.32] (759) | +1.62 [+1.48,+1.75] (1353) | +1.81 [+1.68,+1.94] (1485) | +1.68 [+1.56,+1.80] (1675) | +1.86 [+1.71,+2.02] (1713) | +1.83 [+1.60,+2.06] (1710) |
| F300M | +1.43 [+1.28,+1.57] (1224) | +1.66 [+1.58,+1.73] (3076) | +2.21 [+0.86,+3.79] (164) | +1.37 [+0.76,+2.02] (397) | +1.88 [+1.74,+2.02] (1107) | +1.64 [+1.54,+1.74] (1502) | +1.69 [+1.58,+1.80] (1498) | +1.63 [+1.52,+1.74] (1674) | +1.75 [+1.59,+1.90] (1711) | +1.89 [+1.63,+2.15] (1611) |
| F335M |  | +1.43 [+1.30,+1.55] (3037) |  | +1.37 [+1.20,+1.55] (969) | +1.56 [+1.42,+1.70] (1496) | +1.40 [+1.25,+1.55] (1540) | +1.46 [+1.27,+1.64] (1528) | +1.51 [+1.24,+1.79] (1589) | +1.76 [+1.34,+2.18] (1364) | +1.41 [+0.54,+2.26] (737) |
| F410M | +1.61 [+1.07,+2.13] (151) | +1.52 [+1.43,+1.61] (3076) | +1.57 [+1.43,+1.73] (871) | +1.61 [+1.49,+1.73] (1280) | +1.44 [+1.32,+1.55] (1600) | +1.51 [+1.38,+1.64] (1502) | +1.68 [+1.52,+1.84] (1548) | +1.79 [+1.54,+2.04] (1671) | +2.18 [+1.68,+2.68] (1248) | +2.32 [+1.36,+3.27] (510) |
| F164N | +0.19 [-0.35,+0.71] (264) | +1.02 [+0.92,+1.13] (2163) |  | +1.43 [+1.09,+1.77] (445) | +1.04 [+0.88,+1.22] (867) | +1.03 [+0.91,+1.15] (1338) | +1.14 [+1.03,+1.24] (1438) | +1.35 [+1.23,+1.48] (1343) | +1.56 [+1.40,+1.73] (1325) | +1.42 [+1.20,+1.64] (1516) |
| F187N | +0.73 [+0.41,+1.05] (413) | +1.04 [+0.95,+1.13] (2156) |  | +1.23 [+1.01,+1.46] (501) | +0.97 [+0.85,+1.09] (1039) | +1.24 [+1.13,+1.35] (1364) | +1.29 [+1.16,+1.41] (1448) | +1.52 [+1.36,+1.68] (1458) | +1.35 [+1.11,+1.59] (1499) | +1.67 [+1.24,+2.10] (1386) |
| F212N | +1.03 [+0.86,+1.20] (697) | +1.62 [+1.53,+1.70] (2982) | +0.66 [-0.46,+1.44] (40) | +1.27 [+1.02,+1.51] (393) | +1.24 [+1.12,+1.35] (1160) | +1.41 [+1.31,+1.51] (1521) | +1.54 [+1.43,+1.65] (1489) | +1.71 [+1.58,+1.85] (1487) | +1.64 [+1.47,+1.80] (1614) | +1.60 [+1.36,+1.84] (1726) |
| F323N | +1.77 [+1.24,+2.26] (126) | +1.61 [+1.54,+1.68] (2788) | +1.66 [+1.50,+1.82] (676) | +1.60 [+1.49,+1.71] (1044) | +1.65 [+1.56,+1.74] (1472) | +1.58 [+1.48,+1.69] (1533) | +1.58 [+1.44,+1.71] (1520) | +1.54 [+1.34,+1.73] (1558) | +1.71 [+1.33,+2.09] (1336) | +1.72 [+0.86,+2.61] (538) |
| F405N | +1.29 [+0.74,+1.81] (146) | +1.64 [+1.56,+1.72] (2938) | +1.78 [+1.66,+1.89] (1012) | +1.70 [+1.60,+1.81] (1319) | +1.58 [+1.46,+1.69] (1634) | +1.58 [+1.40,+1.77] (1499) | +1.77 [+1.45,+2.08] (1245) | +2.12 [+1.47,+2.76] (776) | +0.44 [-1.48,+2.40] (128) |  |
| F466N | +1.40 [+0.93,+1.81] (90) | +1.64 [+1.52,+1.77] (2880) | +1.62 [+1.52,+1.71] (1111) | +1.62 [+1.52,+1.73] (1278) | +1.52 [+1.40,+1.63] (1526) | +1.66 [+1.49,+1.82] (1439) | +1.49 [+1.21,+1.77] (1291) | +2.17 [+1.66,+2.68] (858) | +1.56 [-0.06,+3.31] (144) |  |
